experiment_id,case_id,run_id,timestamp,landscape,method,alpha,budget,train_scenario_count,test_scenario_count,objective_metric,train_ids,test_ids,solver_status,objective_in_sample,best_bound,mip_gap,runtime_seconds,solver_status_code,explored_nodes,num_variables,num_constraints,solver_iterations,cuts_added,max_cut_violation,benders_iterations,benders_cuts_added,benders_final_max_cut_violation,benders_largest_intermediate_cut_violation,benders_termination_reason,benders_master_solve_time_sec,benders_subproblem_time_sec,benders_subproblems_solved,benders_average_subproblem_time_sec,benders_max_subproblem_time_sec,benders_use_lifted_lower_bounds,benders_lifted_lower_bound_count,benders_lifted_lower_bound_precompute_time_sec,branch_benders_lazy_cuts_added,branch_benders_candidate_incumbents_checked,branch_benders_max_cut_violation,branch_benders_candidate_callback_calls,branch_benders_subproblems_attempted,branch_benders_subproblems_solved,branch_benders_subproblem_time_sec,branch_benders_average_subproblem_time_sec,branch_benders_max_subproblem_time_sec,branch_benders_callback_time_sec,branch_benders_cut_construction_time_sec,branch_benders_lazy_cut_insertion_time_sec,branch_benders_violated_cuts,branch_benders_nonviolated_cuts,branch_benders_skipped_cuts,branch_benders_duplicate_cuts,combinatorial_benders_enabled,combinatorial_benders_lift_mode,combinatorial_benders_scenario_order,combinatorial_benders_cut_sampling_ratio,combinatorial_benders_fractional_separation_enabled,combinatorial_benders_initial_cuts_enabled,combinatorial_benders_integer_cuts_added,combinatorial_benders_fractional_cuts_added,combinatorial_benders_initial_cuts_added,combinatorial_benders_scenarios_checked,combinatorial_benders_separation_time_sec,combinatorial_benders_avg_paths_per_cut,combinatorial_benders_avg_cut_nonzeros,combinatorial_benders_num_violated_cuts,coverage_llbi_enabled,coverage_llbi_num_zeta_vars,coverage_llbi_num_constraints,coverage_llbi_precompute_time_sec,path_llbi_enabled,path_llbi_num_b_vars,path_llbi_num_path_constraints,path_llbi_num_paths_used,path_llbi_precompute_time_sec,projected_coverage_llbi_enabled,projected_path_llbi_enabled,projected_llbi_family,projected_llbi_strategy,projected_llbi_mode,projected_llbi_root_rounds,projected_llbi_cuts_added,projected_llbi_coverage_cuts_added,projected_llbi_path_cuts_added,projected_llbi_violated_cuts_found,projected_llbi_separation_time_sec,projected_llbi_solve_time_sec,projected_llbi_total_time_sec,projected_llbi_total_nonzeros,projected_llbi_avg_nonzeros_per_cut,projected_llbi_max_nonzeros_per_cut,projected_llbi_min_violation,projected_llbi_max_violation,projected_llbi_avg_violation,projected_llbi_root_bound_initial,projected_llbi_root_bound_final,projected_llbi_root_bound_improvement_abs,projected_llbi_root_bound_improvement_pct,projected_poly_candidate_cuts_generated,projected_poly_candidate_cuts_added,projected_poly_enumeration_truncated,projected_poly_enumeration_limit,projected_exp_separated_cuts_added,projected_exp_separation_rounds,projected_exp_candidate_cuts_generated,projected_exp_candidate_cuts_added,projected_exp_enumeration_truncated,projected_exp_enumeration_limit,global_dominance_enabled,global_dominance_candidates_removed,global_dominance_equivalence_classes,global_dominance_precompute_time_sec,conditional_zero_benefit_enabled,conditional_zero_benefit_fixings_attempted,conditional_zero_benefit_fixings_applied,conditional_zero_benefit_time_sec,branch_benders_use_root_user_cuts,branch_benders_root_user_cuts_added,branch_benders_root_user_cut_rounds,branch_benders_root_user_cut_max_violation,restricted_candidate_enabled,restricted_candidate_exact_mode,restricted_candidate_initial_active_count,restricted_candidate_final_active_count,restricted_candidate_final_active_fraction,restricted_candidate_eventually_activated_all,restricted_candidate_rounds,restricted_candidate_cut_pool_size,restricted_candidate_heuristic_mode_enabled,restricted_candidate_stopped_before_full_activation,restricted_candidate_global_optimality_certified,fpp_mode,formulation,dominator_cuts_enabled,separator_cuts_enabled,greedy_warm_start_enabled,local_search_enabled,compact_node_count,eligible_node_count,total_observed_scenario_nodes,total_scenario_arcs,separator_cuts_added,separator_min_cut_calls,separator_callback_invocations,separator_duplicate_cuts_skipped,separator_large_cuts_skipped,separator_time_sec,dominator_cuts_added,dominator_aggregate_cuts_added,dominator_individual_cuts_added,dominator_dag_scenarios,dominator_fallback_scenarios,dominator_preprocessing_time_sec,heuristic_time_sec,heuristic_objective,heuristic_exact_evaluations,heuristic_selected_count,evaluator_objective,evaluator_abs_diff,evaluator_rel_diff,validation_status,risk_measure,cvar_beta,cvar_lambda,train_cvar_burned_area,test_cvar_burned_area,selected_firebreaks,warm_start_used,mip_start_accepted,warm_start_source,warm_start_valid_nodes,warm_start_ignored_nodes,warm_start_notes,train_expected_burned_area,train_worst_10pct_burned_area,test_expected_burned_area,test_worst_10pct_burned_area,train_evaluation_runtime_seconds,test_evaluation_runtime_seconds,test_scenario_loading_runtime_seconds,train_graph_classification_ratios,test_graph_classification_ratios,graph_type_note,notes
,-1,new20x20_case04_train400_test1000_alpha0p01_fpp_branch_benders_llbi_rootcuts,2026-07-15T15:27:17Z,new20x20,FPP-Branch-Benders-LLBI-RootCuts,0.01000000,4,400,1000,expected_burned_area_branch_benders_lazy_subproblems,10;26;58;60;65;66;70;118;126;144;232;241;254;288;293;297;354;366;403;431;456;465;473;474;557;574;585;593;624;687;691;723;726;746;756;759;786;799;822;830;851;914;958;961;977;1013;1051;1091;1158;1164;1167;1232;1307;1351;1385;1403;1427;1440;1445;1470;1518;1539;1540;1576;1593;1607;1627;1661;1667;1686;1706;1739;1742;1758;1767;1773;1812;1856;1857;1860;1877;1882;1884;1897;1905;1906;1926;1937;1949;1953;1989;1991;2015;2021;2026;2086;2091;2101;2135;2148;2156;2167;2183;2217;2231;2245;2271;2293;2343;2362;2394;2466;2468;2493;2510;2518;2527;2579;2603;2626;2631;2694;2713;2727;2736;2751;2771;2799;2806;2811;2817;2846;2855;2935;2937;2956;2962;2969;3013;3017;3054;3095;3105;3131;3146;3173;3223;3228;3253;3266;3288;3320;3346;3384;3391;3446;3473;3519;3526;3537;3539;3601;3604;3612;3656;3690;3693;3720;3745;3809;3826;3831;3928;3939;3944;3949;3950;3954;4004;4007;4071;4102;4108;4159;4166;4200;4227;4236;4276;4281;4285;4308;4309;4324;4387;4419;4426;4431;4434;4441;4473;4542;4544;4548;4553;4554;4577;4589;4670;4686;4718;4725;4763;4779;4828;4841;4879;4900;4915;4996;5016;5023;5031;5037;5047;5049;5094;5099;5115;5124;5130;5131;5136;5144;5180;5230;5238;5264;5275;5293;5294;5298;5304;5331;5396;5406;5407;5415;5457;5462;5505;5514;5564;5574;5578;5660;5769;5781;5809;5823;5824;5861;5864;5867;5905;5911;5918;5926;5941;5950;5957;5998;6041;6052;6097;6120;6156;6240;6255;6266;6274;6315;6388;6401;6458;6470;6472;6542;6590;6602;6615;6627;6633;6661;6675;6785;6865;6866;6888;6914;6926;6945;6985;6997;7023;7097;7178;7182;7199;7201;7219;7269;7296;7312;7322;7323;7325;7344;7367;7419;7431;7450;7467;7482;7503;7506;7510;7522;7524;7532;7546;7562;7616;7620;7630;7651;7653;7725;7742;7806;7809;7872;7885;7896;7910;7932;7933;7934;7940;7951;7959;8000;8020;8032;8090;8094;8108;8114;8144;8157;8161;8175;8191;8251;8275;8305;8306;8345;8369;8386;8401;8411;8432;8452;8485;8494;8520;8559;8560;8598;8607;8638;8652;8699;8706;8709;8758;8773;8794;8798;8799;8862;8893;8895;8903;8910;8911;8934;8990;8999,9001;9002;9003;9004;9005;9006;9007;9008;9009;9010;9011;9012;9013;9014;9015;9016;9017;9018;9019;9020;9021;9022;9023;9024;9025;9026;9027;9028;9029;9030;9031;9032;9033;9034;9035;9036;9037;9038;9039;9040;9041;9042;9043;9044;9045;9046;9047;9048;9049;9050;9051;9052;9053;9054;9055;9056;9057;9058;9059;9060;9061;9062;9063;9064;9065;9066;9067;9068;9069;9070;9071;9072;9073;9074;9075;9076;9077;9078;9079;9080;9081;9082;9083;9084;9085;9086;9087;9088;9089;9090;9091;9092;9093;9094;9095;9096;9097;9098;9099;9100;9101;9102;9103;9104;9105;9106;9107;9108;9109;9110;9111;9112;9113;9114;9115;9116;9117;9118;9119;9120;9121;9122;9123;9124;9125;9126;9127;9128;9129;9130;9131;9132;9133;9134;9135;9136;9137;9138;9139;9140;9141;9142;9143;9144;9145;9146;9147;9148;9149;9150;9151;9152;9153;9154;9155;9156;9157;9158;9159;9160;9161;9162;9163;9164;9165;9166;9167;9168;9169;9170;9171;9172;9173;9174;9175;9176;9177;9178;9179;9180;9181;9182;9183;9184;9185;9186;9187;9188;9189;9190;9191;9192;9193;9194;9195;9196;9197;9198;9199;9200;9201;9202;9203;9204;9205;9206;9207;9208;9209;9210;9211;9212;9213;9214;9215;9216;9217;9218;9219;9220;9221;9222;9223;9224;9225;9226;9227;9228;9229;9230;9231;9232;9233;9234;9235;9236;9237;9238;9239;9240;9241;9242;9243;9244;9245;9246;9247;9248;9249;9250;9251;9252;9253;9254;9255;9256;9257;9258;9259;9260;9261;9262;9263;9264;9265;9266;9267;9268;9269;9270;9271;9272;9273;9274;9275;9276;9277;9278;9279;9280;9281;9282;9283;9284;9285;9286;9287;9288;9289;9290;9291;9292;9293;9294;9295;9296;9297;9298;9299;9300;9301;9302;9303;9304;9305;9306;9307;9308;9309;9310;9311;9312;9313;9314;9315;9316;9317;9318;9319;9320;9321;9322;9323;9324;9325;9326;9327;9328;9329;9330;9331;9332;9333;9334;9335;9336;9337;9338;9339;9340;9341;9342;9343;9344;9345;9346;9347;9348;9349;9350;9351;9352;9353;9354;9355;9356;9357;9358;9359;9360;9361;9362;9363;9364;9365;9366;9367;9368;9369;9370;9371;9372;9373;9374;9375;9376;9377;9378;9379;9380;9381;9382;9383;9384;9385;9386;9387;9388;9389;9390;9391;9392;9393;9394;9395;9396;9397;9398;9399;9400;9401;9402;9403;9404;9405;9406;9407;9408;9409;9410;9411;9412;9413;9414;9415;9416;9417;9418;9419;9420;9421;9422;9423;9424;9425;9426;9427;9428;9429;9430;9431;9432;9433;9434;9435;9436;9437;9438;9439;9440;9441;9442;9443;9444;9445;9446;9447;9448;9449;9450;9451;9452;9453;9454;9455;9456;9457;9458;9459;9460;9461;9462;9463;9464;9465;9466;9467;9468;9469;9470;9471;9472;9473;9474;9475;9476;9477;9478;9479;9480;9481;9482;9483;9484;9485;9486;9487;9488;9489;9490;9491;9492;9493;9494;9495;9496;9497;9498;9499;9500;9501;9502;9503;9504;9505;9506;9507;9508;9509;9510;9511;9512;9513;9514;9515;9516;9517;9518;9519;9520;9521;9522;9523;9524;9525;9526;9527;9528;9529;9530;9531;9532;9533;9534;9535;9536;9537;9538;9539;9540;9541;9542;9543;9544;9545;9546;9547;9548;9549;9550;9551;9552;9553;9554;9555;9556;9557;9558;9559;9560;9561;9562;9563;9564;9565;9566;9567;9568;9569;9570;9571;9572;9573;9574;9575;9576;9577;9578;9579;9580;9581;9582;9583;9584;9585;9586;9587;9588;9589;9590;9591;9592;9593;9594;9595;9596;9597;9598;9599;9600;9601;9602;9603;9604;9605;9606;9607;9608;9609;9610;9611;9612;9613;9614;9615;9616;9617;9618;9619;9620;9621;9622;9623;9624;9625;9626;9627;9628;9629;9630;9631;9632;9633;9634;9635;9636;9637;9638;9639;9640;9641;9642;9643;9644;9645;9646;9647;9648;9649;9650;9651;9652;9653;9654;9655;9656;9657;9658;9659;9660;9661;9662;9663;9664;9665;9666;9667;9668;9669;9670;9671;9672;9673;9674;9675;9676;9677;9678;9679;9680;9681;9682;9683;9684;9685;9686;9687;9688;9689;9690;9691;9692;9693;9694;9695;9696;9697;9698;9699;9700;9701;9702;9703;9704;9705;9706;9707;9708;9709;9710;9711;9712;9713;9714;9715;9716;9717;9718;9719;9720;9721;9722;9723;9724;9725;9726;9727;9728;9729;9730;9731;9732;9733;9734;9735;9736;9737;9738;9739;9740;9741;9742;9743;9744;9745;9746;9747;9748;9749;9750;9751;9752;9753;9754;9755;9756;9757;9758;9759;9760;9761;9762;9763;9764;9765;9766;9767;9768;9769;9770;9771;9772;9773;9774;9775;9776;9777;9778;9779;9780;9781;9782;9783;9784;9785;9786;9787;9788;9789;9790;9791;9792;9793;9794;9795;9796;9797;9798;9799;9800;9801;9802;9803;9804;9805;9806;9807;9808;9809;9810;9811;9812;9813;9814;9815;9816;9817;9818;9819;9820;9821;9822;9823;9824;9825;9826;9827;9828;9829;9830;9831;9832;9833;9834;9835;9836;9837;9838;9839;9840;9841;9842;9843;9844;9845;9846;9847;9848;9849;9850;9851;9852;9853;9854;9855;9856;9857;9858;9859;9860;9861;9862;9863;9864;9865;9866;9867;9868;9869;9870;9871;9872;9873;9874;9875;9876;9877;9878;9879;9880;9881;9882;9883;9884;9885;9886;9887;9888;9889;9890;9891;9892;9893;9894;9895;9896;9897;9898;9899;9900;9901;9902;9903;9904;9905;9906;9907;9908;9909;9910;9911;9912;9913;9914;9915;9916;9917;9918;9919;9920;9921;9922;9923;9924;9925;9926;9927;9928;9929;9930;9931;9932;9933;9934;9935;9936;9937;9938;9939;9940;9941;9942;9943;9944;9945;9946;9947;9948;9949;9950;9951;9952;9953;9954;9955;9956;9957;9958;9959;9960;9961;9962;9963;9964;9965;9966;9967;9968;9969;9970;9971;9972;9973;9974;9975;9976;9977;9978;9979;9980;9981;9982;9983;9984;9985;9986;9987;9988;9989;9990;9991;9992;9993;9994;9995;9996;9997;9998;9999;10000,Optimal,135.48000000,135.35453708,0.00092606,13.99843718,102,143,800,3379,12586,2664,0.00000000,0,0,0.00000000,0.00000000,,0.00000000,0.00000000,0,0.00000000,0.00000000,true,400,0.35361507,2664,24,0.00000000,24,10400,10400,8.94032013,0.00085965,0.00365775,10.66421418,0.08382694,0.03079835,2664,6936,0,3,false,heuristic,eta-asc,0.10000000,true,true,0,0,0,0,0.00000000,0.00000000,0.00000000,0,false,0,0,0.00000000,false,0,0,0,0.00000000,false,false,,,,0,0,0,0,0,0.00000000,0.00000000,0.00000000,0,0.00000000,0,,0.00000000,0.00000000,,,0.00000000,0.00000000,0,0,false,0,0,0,0,0,false,0,false,0,0,0.00000000,false,0,0,0.00000000,true,314,1,61.29023758,false,false,0,0,0.00000000,false,0,0,false,false,false,fpp_branch_benders,branch_benders,false,false,false,false,400,400,106568,114507,0,0,0,0,0,0.00000000,0,0,0,0,0,0.00000000,0.00000000,,0,0,135.48000000,0.00000000,0.00000000,pass,expected,0.90000000,1.00000000,285.75000000,285.97000000,51;97;168;217,false,false,,,,,135.48000000,285.75000000,132.92300000,285.97000000,0.04551906,0.10999259,1.30438343,RT=0.105000;ADAG=0.892500;GDG=0.000000;NFR=0.000000;EMPTY=0.002500,RT=0.134000;ADAG=0.850000;GDG=0.000000;NFR=0.000000;EMPTY=0.016000,Cell2Fire scenarios are treated as directed propagation graphs.,Callback-based FPP-SAA Branch-and-Benders-cut solver. | Lazy Benders optimality cuts are generated only at integer candidate incumbents. | FPP recourse objective is burned area from scenario LP subproblems. | Persistent FPP scenario subproblems are enabled: 400 LP models were built once and y_copy equality bounds were updated before each solve. | FPP Branch-Benders master objective is expected burned area. | Optional FPP fractional Benders user cuts were separated at the root node only. | Optional FPP lifted lower-bound inequalities were added to the callback master. | Callback FPP Branch-and-Benders is separate from explicit-loop FPP-Benders. | FppRecourseEvaluator validation passed for final selected firebreaks. | Used explicit train/test scenario IDs. | Branch-and-Benders tolerance: 0.000001. | FPP Branch-Benders lifted lower bounds enabled: true. | FPP Branch-Benders root user cuts enabled: true. | FPP Branch-Benders risk measure: expected value. | Train reader warning: Could not open fuels.asc; attempting fallback forest-size inference. | Train reader warning: Forest size inferred from run.log instance TIF metadata. | Train reader warning: new_instances layout assumes cell IDs 1..NCells are eligible firebreak nodes. | Train reader warning: Skipped 1 non-arc rows in MessagesFile00010.csv. | Train reader warning: Skipped 1 non-arc rows in MessagesFile00026.csv. | Train reader warning: Skipped 1 non-arc rows in MessagesFile00058.csv. | Train reader warning: Skipped 1 non-arc rows in MessagesFile00060.csv. | Train reader warning: Skipped 1 non-arc rows in MessagesFile00065.csv. | Train reader warning: Skipped 1 non-arc rows in MessagesFile00066.csv. | Train reader warning: Skipped 1 non-arc rows in MessagesFile00070.csv. | Train reader warning: Skipped 1 non-arc rows in MessagesFile00118.csv. | Train reader warning: Skipped 1 non-arc rows in MessagesFile00126.csv. | Train reader warning: Skipped 1 non-arc rows in MessagesFile00144.csv. | Train reader warning: Skipped 1 non-arc rows in MessagesFile00232.csv. | Train reader warning: Skipped 1 non-arc rows in MessagesFile00241.csv. | Train reader warning: Skipped 1 non-arc rows in MessagesFile00254.csv. | Train reader warning: Skipped 1 non-arc rows in MessagesFile00288.csv. | Train reader warning: Skipped 1 non-arc rows in MessagesFile00293.csv. | Train reader warning: Skipped 1 non-arc rows in MessagesFile00297.csv. | Train reader warning: Skipped 1 non-arc rows in MessagesFile00354.csv. | Train reader warning: Skipped 1 non-arc rows in MessagesFile00366.csv. | Train reader warning: Skipped 1 non-arc rows in MessagesFile00403.csv. | Train reader warning: Skipped 1 non-arc rows in MessagesFile00431.csv. | Train reader warning: Skipped 1 non-arc rows in MessagesFile00456.csv. | Train reader warning: Skipped 1 non-arc rows in MessagesFile00465.csv. | Train reader warning: Skipped 1 non-arc rows in MessagesFile00473.csv. | Train reader warning: Skipped 1 non-arc rows in MessagesFile00474.csv. | Train reader warning: Skipped 1 non-arc rows in MessagesFile00557.csv. | Train reader warning: Skipped 1 non-arc rows in MessagesFile00574.csv. | Train reader warning: Skipped 1 non-arc rows in MessagesFile00585.csv. | Train reader warning: Skipped 1 non-arc rows in MessagesFile00593.csv. | Train reader warning: Skipped 1 non-arc rows in MessagesFile00624.csv. | Train reader warning: Skipped 1 non-arc rows in MessagesFile00687.csv. | Train reader warning: Skipped 1 non-arc rows in MessagesFile00691.csv. | Train reader warning: Skipped 1 non-arc rows in MessagesFile00723.csv. | Train reader warning: Skipped 1 non-arc rows in MessagesFile00726.csv. | Train reader warning: Skipped 1 non-arc rows in MessagesFile00746.csv. | Train reader warning: Skipped 1 non-arc rows in MessagesFile00756.csv. | Train reader warning: Skipped 1 non-arc rows in MessagesFile00759.csv. | Train reader warning: Skipped 1 non-arc rows in MessagesFile00786.csv. | Train reader warning: Skipped 1 non-arc rows in MessagesFile00799.csv. | Train reader warning: Skipped 1 non-arc rows in MessagesFile00822.csv. | Train reader warning: Skipped 1 non-arc rows in MessagesFile00830.csv. | Train reader warning: Skipped 1 non-arc rows in MessagesFile00851.csv. | Train reader warning: Skipped 1 non-arc rows in MessagesFile00914.csv. | Train reader warning: Skipped 1 non-arc rows in MessagesFile00958.csv. | Train reader warning: Skipped 1 non-arc rows in MessagesFile00961.csv. | Train reader warning: Skipped 1 non-arc rows in MessagesFile00977.csv. | Train reader warning: Skipped 1 non-arc rows in MessagesFile01013.csv. | Train reader warning: Skipped 1 non-arc rows in MessagesFile01051.csv. | Train reader warning: Skipped 1 non-arc rows in MessagesFile01091.csv. | Train reader warning: Skipped 1 non-arc rows in MessagesFile01158.csv. | Train reader warning: Skipped 1 non-arc rows in MessagesFile01164.csv. | Train reader warning: Skipped 1 non-arc rows in MessagesFile01167.csv. | Train reader warning: Skipped 1 non-arc rows in MessagesFile01232.csv. | Train reader warning: Skipped 1 non-arc rows in MessagesFile01307.csv. | Train reader warning: Skipped 1 non-arc rows in MessagesFile01351.csv. | Train reader warning: Skipped 1 non-arc rows in MessagesFile01385.csv. | Train reader warning: Skipped 1 non-arc rows in MessagesFile01403.csv. | Train reader warning: Skipped 1 non-arc rows in MessagesFile01427.csv. | Train reader warning: Skipped 1 non-arc rows in MessagesFile01440.csv. | Train reader warning: Skipped 1 non-arc rows in MessagesFile01445.csv. | Train reader warning: Skipped 1 non-arc rows in MessagesFile01470.csv. | Train reader warning: Skipped 1 non-arc rows in MessagesFile01518.csv. | Train reader warning: Skipped 1 non-arc rows in MessagesFile01539.csv. | Train reader warning: Skipped 1 non-arc rows in MessagesFile01540.csv. | Train reader warning: Skipped 1 non-arc rows in MessagesFile01576.csv. | Train reader warning: Skipped 1 non-arc rows in MessagesFile01593.csv. | Train reader warning: Skipped 1 non-arc rows in MessagesFile01607.csv. | Train reader warning: Skipped 1 non-arc rows in MessagesFile01627.csv. | Train reader warning: Skipped 1 non-arc rows in MessagesFile01661.csv. | Train reader warning: Skipped 1 non-arc rows in MessagesFile01667.csv. | Train reader warning: Skipped 1 non-arc rows in MessagesFile01686.csv. | Train reader warning: Skipped 1 non-arc rows in MessagesFile01706.csv. | Train reader warning: Skipped 1 non-arc rows in MessagesFile01739.csv. | Train reader warning: Skipped 1 non-arc rows in MessagesFile01742.csv. | Train reader warning: Skipped 1 non-arc rows in MessagesFile01758.csv. | Train reader warning: Skipped 1 non-arc rows in MessagesFile01767.csv. | Train reader warning: Skipped 1 non-arc rows in MessagesFile01773.csv. | Train reader warning: Skipped 1 non-arc rows in MessagesFile01812.csv. | Train reader warning: Skipped 1 non-arc rows in MessagesFile01856.csv. | Train reader warning: Skipped 1 non-arc rows in MessagesFile01857.csv. | Train reader warning: Skipped 1 non-arc rows in MessagesFile01860.csv. | Train reader warning: Skipped 1 non-arc rows in MessagesFile01877.csv. | Train reader warning: Skipped 1 non-arc rows in MessagesFile01882.csv. | Train reader warning: Skipped 1 non-arc rows in MessagesFile01884.csv. | Train reader warning: Skipped 1 non-arc rows in MessagesFile01897.csv. | Train reader warning: Skipped 1 non-arc rows in MessagesFile01905.csv. | Train reader warning: Skipped 1 non-arc rows in MessagesFile01906.csv. | Train reader warning: Skipped 1 non-arc rows in MessagesFile01926.csv. | Train reader warning: Skipped 1 non-arc rows in MessagesFile01937.csv. | Train reader warning: Skipped 1 non-arc rows in MessagesFile01949.csv. | Train reader warning: Skipped 1 non-arc rows in MessagesFile01953.csv. | Train reader warning: Skipped 1 non-arc rows in MessagesFile01989.csv. | Train reader warning: Skipped 1 non-arc rows in MessagesFile01991.csv. | Train reader warning: Skipped 1 non-arc rows in MessagesFile02015.csv. | Train reader warning: Skipped 1 non-arc rows in MessagesFile02021.csv. | Train reader warning: Skipped 1 non-arc rows in MessagesFile02026.csv. | Train reader warning: Skipped 1 non-arc rows in MessagesFile02086.csv. | Train reader warning: Skipped 1 non-arc rows in MessagesFile02091.csv. | Train reader warning: Skipped 1 non-arc rows in MessagesFile02101.csv. | Train reader warning: Skipped 1 non-arc rows in MessagesFile02135.csv. | Train reader warning: Skipped 1 non-arc rows in MessagesFile02148.csv. | Train reader warning: Skipped 1 non-arc rows in MessagesFile02156.csv. | Train reader warning: Skipped 1 non-arc rows in MessagesFile02167.csv. | Train reader warning: Skipped 1 non-arc rows in MessagesFile02183.csv. | Train reader warning: Skipped 1 non-arc rows in MessagesFile02217.csv. | Train reader warning: Skipped 1 non-arc rows in MessagesFile02231.csv. | Train reader warning: Skipped 1 non-arc rows in MessagesFile02245.csv. | Train reader warning: Skipped 1 non-arc rows in MessagesFile02271.csv. | Train reader warning: Skipped 1 non-arc rows in MessagesFile02293.csv. | Train reader warning: Skipped 1 non-arc rows in MessagesFile02343.csv. | Train reader warning: Skipped 1 non-arc rows in MessagesFile02362.csv. | Train reader warning: Skipped 1 non-arc rows in MessagesFile02394.csv. | Train reader warning: Skipped 1 non-arc rows in MessagesFile02466.csv. | Train reader warning: Skipped 1 non-arc rows in MessagesFile02468.csv. | Train reader warning: Skipped 1 non-arc rows in MessagesFile02493.csv. | Train reader warning: Skipped 1 non-arc rows in MessagesFile02510.csv. | Train reader warning: Skipped 1 non-arc rows in MessagesFile02518.csv. | Train reader warning: Skipped 1 non-arc rows in MessagesFile02527.csv. | Train reader warning: Skipped 1 non-arc rows in MessagesFile02579.csv. | Train reader warning: Skipped 1 non-arc rows in MessagesFile02603.csv. | Train reader warning: Skipped 1 non-arc rows in MessagesFile02626.csv. | Train reader warning: Skipped 1 non-arc rows in MessagesFile02631.csv. | Train reader warning: Skipped 1 non-arc rows in MessagesFile02694.csv. | Train reader warning: Skipped 1 non-arc rows in MessagesFile02713.csv. | Train reader warning: Skipped 1 non-arc rows in MessagesFile02727.csv. | Train reader warning: Skipped 1 non-arc rows in MessagesFile02736.csv. | Train reader warning: Skipped 1 non-arc rows in MessagesFile02751.csv. | Train reader warning: Skipped 1 non-arc rows in MessagesFile02771.csv. | Train reader warning: Skipped 1 non-arc rows in MessagesFile02799.csv. | Train reader warning: Skipped 1 non-arc rows in MessagesFile02806.csv. | Train reader warning: Skipped 1 non-arc rows in MessagesFile02811.csv. | Train reader warning: Skipped 1 non-arc rows in MessagesFile02817.csv. | Train reader warning: Skipped 1 non-arc rows in MessagesFile02846.csv. | Train reader warning: Skipped 1 non-arc rows in MessagesFile02855.csv. | Train reader warning: Skipped 1 non-arc rows in MessagesFile02935.csv. | Train reader warning: Skipped 1 non-arc rows in MessagesFile02937.csv. | Train reader warning: Skipped 1 non-arc rows in MessagesFile02956.csv. | Train reader warning: Skipped 1 non-arc rows in MessagesFile02962.csv. | Train reader warning: Skipped 1 non-arc rows in MessagesFile02969.csv. | Train reader warning: Skipped 1 non-arc rows in MessagesFile03013.csv. | Train reader warning: Skipped 1 non-arc rows in MessagesFile03017.csv. | Train reader warning: Skipped 1 non-arc rows in MessagesFile03054.csv. | Train reader warning: Skipped 1 non-arc rows in MessagesFile03095.csv. | Train reader warning: Skipped 1 non-arc rows in MessagesFile03105.csv. | Train reader warning: Skipped 1 non-arc rows in MessagesFile03131.csv. | Train reader warning: Skipped 1 non-arc rows in MessagesFile03146.csv. | Train reader warning: Skipped 1 non-arc rows in MessagesFile03173.csv. | Train reader warning: Skipped 1 non-arc rows in MessagesFile03223.csv. | Train reader warning: Skipped 1 non-arc rows in MessagesFile03228.csv. | Train reader warning: Skipped 1 non-arc rows in MessagesFile03253.csv. | Train reader warning: Skipped 1 non-arc rows in MessagesFile03266.csv. | Train reader warning: Skipped 1 non-arc rows in MessagesFile03288.csv. | Train reader warning: Skipped 1 non-arc rows in MessagesFile03320.csv. | Train reader warning: Skipped 1 non-arc rows in MessagesFile03346.csv. | Train reader warning: Skipped 1 non-arc rows in MessagesFile03384.csv. | Train reader warning: Skipped 1 non-arc rows in MessagesFile03391.csv. | Train reader warning: Skipped 1 non-arc rows in MessagesFile03446.csv. | Train reader warning: Skipped 1 non-arc rows in MessagesFile03473.csv. | Train reader warning: Skipped 1 non-arc rows in MessagesFile03519.csv. | Train reader warning: Skipped 1 non-arc rows in MessagesFile03526.csv. | Train reader warning: Skipped 1 non-arc rows in MessagesFile03537.csv. | Train reader warning: Skipped 1 non-arc rows in MessagesFile03539.csv. | Train reader warning: Skipped 1 non-arc rows in MessagesFile03601.csv. | Train reader warning: Skipped 1 non-arc rows in MessagesFile03604.csv. | Train reader warning: Skipped 1 non-arc rows in MessagesFile03612.csv. | Train reader warning: Skipped 1 non-arc rows in MessagesFile03656.csv. | Train reader warning: Skipped 1 non-arc rows in MessagesFile03690.csv. | Train reader warning: Skipped 1 non-arc rows in MessagesFile03693.csv. | Train reader warning: Skipped 1 non-arc rows in MessagesFile03720.csv. | Train reader warning: Skipped 1 non-arc rows in MessagesFile03745.csv. | Train reader warning: Skipped 1 non-arc rows in MessagesFile03809.csv. | Train reader warning: Skipped 1 non-arc rows in MessagesFile03826.csv. | Train reader warning: Skipped 1 non-arc rows in MessagesFile03831.csv. | Train reader warning: Skipped 1 non-arc rows in MessagesFile03928.csv. | Train reader warning: Skipped 1 non-arc rows in MessagesFile03939.csv. | Train reader warning: Skipped 1 non-arc rows in MessagesFile03944.csv. | Train reader warning: Skipped 1 non-arc rows in MessagesFile03949.csv. | Train reader warning: Skipped 1 non-arc rows in MessagesFile03950.csv. | Train reader warning: Skipped 1 non-arc rows in MessagesFile03954.csv. | Train reader warning: Skipped 1 non-arc rows in MessagesFile04004.csv. | Train reader warning: Skipped 1 non-arc rows in MessagesFile04007.csv. | Train reader warning: Skipped 1 non-arc rows in MessagesFile04071.csv. | Train reader warning: Skipped 1 non-arc rows in MessagesFile04102.csv. | Train reader warning: Skipped 1 non-arc rows in MessagesFile04108.csv. | Train reader warning: Skipped 1 non-arc rows in MessagesFile04159.csv. | Train reader warning: Skipped 1 non-arc rows in MessagesFile04166.csv. | Train reader warning: Skipped 1 non-arc rows in MessagesFile04200.csv. | Train reader warning: Skipped 1 non-arc rows in MessagesFile04227.csv. | Train reader warning: Skipped 1 non-arc rows in MessagesFile04236.csv. | Train reader warning: Skipped 1 non-arc rows in MessagesFile04276.csv. | Train reader warning: Skipped 1 non-arc rows in MessagesFile04281.csv. | Train reader warning: Skipped 1 non-arc rows in MessagesFile04285.csv. | Train reader warning: Skipped 1 non-arc rows in MessagesFile04308.csv. | Train reader warning: Skipped 1 non-arc rows in MessagesFile04309.csv. | Train reader warning: Skipped 1 non-arc rows in MessagesFile04324.csv. | Train reader warning: Skipped 1 non-arc rows in MessagesFile04387.csv. | Train reader warning: Skipped 1 non-arc rows in MessagesFile04419.csv. | Train reader warning: Skipped 1 non-arc rows in MessagesFile04426.csv. | Train reader warning: Skipped 1 non-arc rows in MessagesFile04431.csv. | Train reader warning: Skipped 1 non-arc rows in MessagesFile04434.csv. | Train reader warning: Skipped 1 non-arc rows in MessagesFile04441.csv. | Train reader warning: Skipped 1 non-arc rows in MessagesFile04473.csv. | Train reader warning: Skipped 1 non-arc rows in MessagesFile04542.csv. | Train reader warning: Skipped 1 non-arc rows in MessagesFile04544.csv. | Train reader warning: Skipped 1 non-arc rows in MessagesFile04548.csv. | Train reader warning: Skipped 1 non-arc rows in MessagesFile04553.csv. | Train reader warning: Skipped 1 non-arc rows in MessagesFile04554.csv. | Train reader warning: Skipped 1 non-arc rows in MessagesFile04577.csv. | Train reader warning: Skipped 1 non-arc rows in MessagesFile04589.csv. | Train reader warning: Skipped 1 non-arc rows in MessagesFile04670.csv. | Train reader warning: Skipped 1 non-arc rows in MessagesFile04686.csv. | Train reader warning: Skipped 1 non-arc rows in MessagesFile04718.csv. | Train reader warning: Skipped 1 non-arc rows in MessagesFile04725.csv. | Train reader warning: Skipped 1 non-arc rows in MessagesFile04763.csv. | Train reader warning: Skipped 1 non-arc rows in MessagesFile04779.csv. | Train reader warning: Skipped 1 non-arc rows in MessagesFile04828.csv. | Train reader warning: Skipped 1 non-arc rows in MessagesFile04841.csv. | Train reader warning: Skipped 1 non-arc rows in MessagesFile04879.csv. | Train reader warning: Skipped 1 non-arc rows in MessagesFile04900.csv. | Train reader warning: Skipped 1 non-arc rows in MessagesFile04915.csv. | Train reader warning: Skipped 1 non-arc rows in MessagesFile04996.csv. | Train reader warning: Skipped 1 non-arc rows in MessagesFile05016.csv. | Train reader warning: Skipped 1 non-arc rows in MessagesFile05023.csv. | Train reader warning: Skipped 1 non-arc rows in MessagesFile05031.csv. | Train reader warning: Skipped 1 non-arc rows in MessagesFile05037.csv. | Train reader warning: Skipped 1 non-arc rows in MessagesFile05047.csv. | Train reader warning: Skipped 1 non-arc rows in MessagesFile05049.csv. | Train reader warning: Skipped 1 non-arc rows in MessagesFile05094.csv. | Train reader warning: Skipped 1 non-arc rows in MessagesFile05099.csv. | Train reader warning: Skipped 1 non-arc rows in MessagesFile05115.csv. | Train reader warning: Skipped 1 non-arc rows in MessagesFile05124.csv. | Train reader warning: Skipped 1 non-arc rows in MessagesFile05130.csv. | Train reader warning: Skipped 1 non-arc rows in MessagesFile05131.csv. | Train reader warning: Skipped 1 non-arc rows in MessagesFile05136.csv. | Train reader warning: Skipped 1 non-arc rows in MessagesFile05144.csv. | Train reader warning: Skipped 1 non-arc rows in MessagesFile05180.csv. | Train reader warning: Skipped 1 non-arc rows in MessagesFile05230.csv. | Train reader warning: Skipped 1 non-arc rows in MessagesFile05238.csv. | Train reader warning: Skipped 1 non-arc rows in MessagesFile05264.csv. | Train reader warning: Skipped 1 non-arc rows in MessagesFile05275.csv. | Train reader warning: No arcs parsed from MessagesFile05293.csv. | Train reader warning: Skipped 1 non-arc rows in MessagesFile05293.csv. | Train reader warning: Skipped 1 non-arc rows in MessagesFile05294.csv. | Train reader warning: Skipped 1 non-arc rows in MessagesFile05298.csv. | Train reader warning: Skipped 1 non-arc rows in MessagesFile05304.csv. | Train reader warning: Skipped 1 non-arc rows in MessagesFile05331.csv. | Train reader warning: Skipped 1 non-arc rows in MessagesFile05396.csv. | Train reader warning: Skipped 1 non-arc rows in MessagesFile05406.csv. | Train reader warning: Skipped 1 non-arc rows in MessagesFile05407.csv. | Train reader warning: Skipped 1 non-arc rows in MessagesFile05415.csv. | Train reader warning: Skipped 1 non-arc rows in MessagesFile05457.csv. | Train reader warning: Skipped 1 non-arc rows in MessagesFile05462.csv. | Train reader warning: Skipped 1 non-arc rows in MessagesFile05505.csv. | Train reader warning: Skipped 1 non-arc rows in MessagesFile05514.csv. | Train reader warning: Skipped 1 non-arc rows in MessagesFile05564.csv. | Train reader warning: Skipped 1 non-arc rows in MessagesFile05574.csv. | Train reader warning: Skipped 1 non-arc rows in MessagesFile05578.csv. | Train reader warning: Skipped 1 non-arc rows in MessagesFile05660.csv. | Train reader warning: Skipped 1 non-arc rows in MessagesFile05769.csv. | Train reader warning: Skipped 1 non-arc rows in MessagesFile05781.csv. | Train reader warning: Skipped 1 non-arc rows in MessagesFile05809.csv. | Train reader warning: Skipped 1 non-arc rows in MessagesFile05823.csv. | Train reader warning: Skipped 1 non-arc rows in MessagesFile05824.csv. | Train reader warning: Skipped 1 non-arc rows in MessagesFile05861.csv. | Train reader warning: Skipped 1 non-arc rows in MessagesFile05864.csv. | Train reader warning: Skipped 1 non-arc rows in MessagesFile05867.csv. | Train reader warning: Skipped 1 non-arc rows in MessagesFile05905.csv. | Train reader warning: Skipped 1 non-arc rows in MessagesFile05911.csv. | Train reader warning: Skipped 1 non-arc rows in MessagesFile05918.csv. | Train reader warning: Skipped 1 non-arc rows in MessagesFile05926.csv. | Train reader warning: Skipped 1 non-arc rows in MessagesFile05941.csv. | Train reader warning: Skipped 1 non-arc rows in MessagesFile05950.csv. | Train reader warning: Skipped 1 non-arc rows in MessagesFile05957.csv. | Train reader warning: Skipped 1 non-arc rows in MessagesFile05998.csv. | Train reader warning: Skipped 1 non-arc rows in MessagesFile06041.csv. | Train reader warning: Skipped 1 non-arc rows in MessagesFile06052.csv. | Train reader warning: Skipped 1 non-arc rows in MessagesFile06097.csv. | Train reader warning: Skipped 1 non-arc rows in MessagesFile06120.csv. | Train reader warning: Skipped 1 non-arc rows in MessagesFile06156.csv. | Train reader warning: Skipped 1 non-arc rows in MessagesFile06240.csv. | Train reader warning: Skipped 1 non-arc rows in MessagesFile06255.csv. | Train reader warning: Skipped 1 non-arc rows in MessagesFile06266.csv. | Train reader warning: Skipped 1 non-arc rows in MessagesFile06274.csv. | Train reader warning: Skipped 1 non-arc rows in MessagesFile06315.csv. | Train reader warning: Skipped 1 non-arc rows in MessagesFile06388.csv. | Train reader warning: Skipped 1 non-arc rows in MessagesFile06401.csv. | Train reader warning: Skipped 1 non-arc rows in MessagesFile06458.csv. | Train reader warning: Skipped 1 non-arc rows in MessagesFile06470.csv. | Train reader warning: Skipped 1 non-arc rows in MessagesFile06472.csv. | Train reader warning: Skipped 1 non-arc rows in MessagesFile06542.csv. | Train reader warning: Skipped 1 non-arc rows in MessagesFile06590.csv. | Train reader warning: Skipped 1 non-arc rows in MessagesFile06602.csv. | Train reader warning: Skipped 1 non-arc rows in MessagesFile06615.csv. | Train reader warning: Skipped 1 non-arc rows in MessagesFile06627.csv. | Train reader warning: Skipped 1 non-arc rows in MessagesFile06633.csv. | Train reader warning: Skipped 1 non-arc rows in MessagesFile06661.csv. | Train reader warning: Skipped 1 non-arc rows in MessagesFile06675.csv. | Train reader warning: Skipped 1 non-arc rows in MessagesFile06785.csv. | Train reader warning: Skipped 1 non-arc rows in MessagesFile06865.csv. | Train reader warning: Skipped 1 non-arc rows in MessagesFile06866.csv. | Train reader warning: Skipped 1 non-arc rows in MessagesFile06888.csv. | Train reader warning: Skipped 1 non-arc rows in MessagesFile06914.csv. | Train reader warning: Skipped 1 non-arc rows in MessagesFile06926.csv. | Train reader warning: Skipped 1 non-arc rows in MessagesFile06945.csv. | Train reader warning: Skipped 1 non-arc rows in MessagesFile06985.csv. | Train reader warning: Skipped 1 non-arc rows in MessagesFile06997.csv. | Train reader warning: Skipped 1 non-arc rows in MessagesFile07023.csv. | Train reader warning: Skipped 1 non-arc rows in MessagesFile07097.csv. | Train reader warning: Skipped 1 non-arc rows in MessagesFile07178.csv. | Train reader warning: Skipped 1 non-arc rows in MessagesFile07182.csv. | Train reader warning: Skipped 1 non-arc rows in MessagesFile07199.csv. | Train reader warning: Skipped 1 non-arc rows in MessagesFile07201.csv. | Train reader warning: Skipped 1 non-arc rows in MessagesFile07219.csv. | Train reader warning: Skipped 1 non-arc rows in MessagesFile07269.csv. | Train reader warning: Skipped 1 non-arc rows in MessagesFile07296.csv. | Train reader warning: Skipped 1 non-arc rows in MessagesFile07312.csv. | Train reader warning: Skipped 1 non-arc rows in MessagesFile07322.csv. | Train reader warning: Skipped 1 non-arc rows in MessagesFile07323.csv. | Train reader warning: Skipped 1 non-arc rows in MessagesFile07325.csv. | Train reader warning: Skipped 1 non-arc rows in MessagesFile07344.csv. | Train reader warning: Skipped 1 non-arc rows in MessagesFile07367.csv. | Train reader warning: Skipped 1 non-arc rows in MessagesFile07419.csv. | Train reader warning: Skipped 1 non-arc rows in MessagesFile07431.csv. | Train reader warning: Skipped 1 non-arc rows in MessagesFile07450.csv. | Train reader warning: Skipped 1 non-arc rows in MessagesFile07467.csv. | Train reader warning: Skipped 1 non-arc rows in MessagesFile07482.csv. | Train reader warning: Skipped 1 non-arc rows in MessagesFile07503.csv. | Train reader warning: Skipped 1 non-arc rows in MessagesFile07506.csv. | Train reader warning: Skipped 1 non-arc rows in MessagesFile07510.csv. | Train reader warning: Skipped 1 non-arc rows in MessagesFile07522.csv. | Train reader warning: Skipped 1 non-arc rows in MessagesFile07524.csv. | Train reader warning: Skipped 1 non-arc rows in MessagesFile07532.csv. | Train reader warning: Skipped 1 non-arc rows in MessagesFile07546.csv. | Train reader warning: Skipped 1 non-arc rows in MessagesFile07562.csv. | Train reader warning: Skipped 1 non-arc rows in MessagesFile07616.csv. | Train reader warning: Skipped 1 non-arc rows in MessagesFile07620.csv. | Train reader warning: Skipped 1 non-arc rows in MessagesFile07630.csv. | Train reader warning: Skipped 1 non-arc rows in MessagesFile07651.csv. | Train reader warning: Skipped 1 non-arc rows in MessagesFile07653.csv. | Train reader warning: Skipped 1 non-arc rows in MessagesFile07725.csv. | Train reader warning: Skipped 1 non-arc rows in MessagesFile07742.csv. | Train reader warning: Skipped 1 non-arc rows in MessagesFile07806.csv. | Train reader warning: Skipped 1 non-arc rows in MessagesFile07809.csv. | Train reader warning: Skipped 1 non-arc rows in MessagesFile07872.csv. | Train reader warning: Skipped 1 non-arc rows in MessagesFile07885.csv. | Train reader warning: Skipped 1 non-arc rows in MessagesFile07896.csv. | Train reader warning: Skipped 1 non-arc rows in MessagesFile07910.csv. | Train reader warning: Skipped 1 non-arc rows in MessagesFile07932.csv. | Train reader warning: Skipped 1 non-arc rows in MessagesFile07933.csv. | Train reader warning: Skipped 1 non-arc rows in MessagesFile07934.csv. | Train reader warning: Skipped 1 non-arc rows in MessagesFile07940.csv. | Train reader warning: Skipped 1 non-arc rows in MessagesFile07951.csv. | Train reader warning: Skipped 1 non-arc rows in MessagesFile07959.csv. | Train reader warning: Skipped 1 non-arc rows in MessagesFile08000.csv. | Train reader warning: Skipped 1 non-arc rows in MessagesFile08020.csv. | Train reader warning: Skipped 1 non-arc rows in MessagesFile08032.csv. | Train reader warning: Skipped 1 non-arc rows in MessagesFile08090.csv. | Train reader warning: Skipped 1 non-arc rows in MessagesFile08094.csv. | Train reader warning: Skipped 1 non-arc rows in MessagesFile08108.csv. | Train reader warning: Skipped 1 non-arc rows in MessagesFile08114.csv. | Train reader warning: Skipped 1 non-arc rows in MessagesFile08144.csv. | Train reader warning: Skipped 1 non-arc rows in MessagesFile08157.csv. | Train reader warning: Skipped 1 non-arc rows in MessagesFile08161.csv. | Train reader warning: Skipped 1 non-arc rows in MessagesFile08175.csv. | Train reader warning: Skipped 1 non-arc rows in MessagesFile08191.csv. | Train reader warning: Skipped 1 non-arc rows in MessagesFile08251.csv. | Train reader warning: Skipped 1 non-arc rows in MessagesFile08275.csv. | Train reader warning: Skipped 1 non-arc rows in MessagesFile08305.csv. | Train reader warning: Skipped 1 non-arc rows in MessagesFile08306.csv. | Train reader warning: Skipped 1 non-arc rows in MessagesFile08345.csv. | Train reader warning: Skipped 1 non-arc rows in MessagesFile08369.csv. | Train reader warning: Skipped 1 non-arc rows in MessagesFile08386.csv. | Train reader warning: Skipped 1 non-arc rows in MessagesFile08401.csv. | Train reader warning: Skipped 1 non-arc rows in MessagesFile08411.csv. | Train reader warning: Skipped 1 non-arc rows in MessagesFile08432.csv. | Train reader warning: Skipped 1 non-arc rows in MessagesFile08452.csv. | Train reader warning: Skipped 1 non-arc rows in MessagesFile08485.csv. | Train reader warning: Skipped 1 non-arc rows in MessagesFile08494.csv. | Train reader warning: Skipped 1 non-arc rows in MessagesFile08520.csv. | Train reader warning: Skipped 1 non-arc rows in MessagesFile08559.csv. | Train reader warning: Skipped 1 non-arc rows in MessagesFile08560.csv. | Train reader warning: Skipped 1 non-arc rows in MessagesFile08598.csv. | Train reader warning: Skipped 1 non-arc rows in MessagesFile08607.csv. | Train reader warning: Skipped 1 non-arc rows in MessagesFile08638.csv. | Train reader warning: Skipped 1 non-arc rows in MessagesFile08652.csv. | Train reader warning: Skipped 1 non-arc rows in MessagesFile08699.csv. | Train reader warning: Skipped 1 non-arc rows in MessagesFile08706.csv. | Train reader warning: Skipped 1 non-arc rows in MessagesFile08709.csv. | Train reader warning: Skipped 1 non-arc rows in MessagesFile08758.csv. | Train reader warning: Skipped 1 non-arc rows in MessagesFile08773.csv. | Train reader warning: Skipped 1 non-arc rows in MessagesFile08794.csv. | Train reader warning: Skipped 1 non-arc rows in MessagesFile08798.csv. | Train reader warning: Skipped 1 non-arc rows in MessagesFile08799.csv. | Train reader warning: Skipped 1 non-arc rows in MessagesFile08862.csv. | Train reader warning: Skipped 1 non-arc rows in MessagesFile08893.csv. | Train reader warning: Skipped 1 non-arc rows in MessagesFile08895.csv. | Train reader warning: Skipped 1 non-arc rows in MessagesFile08903.csv. | Train reader warning: Skipped 1 non-arc rows in MessagesFile08910.csv. | Train reader warning: Skipped 1 non-arc rows in MessagesFile08911.csv. | Train reader warning: Skipped 1 non-arc rows in MessagesFile08934.csv. | Train reader warning: Skipped 1 non-arc rows in MessagesFile08990.csv. | Train reader warning: Skipped 1 non-arc rows in MessagesFile08999.csv. | Test reader warning: Could not open fuels.asc; attempting fallback forest-size inference. | Test reader warning: Forest size inferred from run.log instance TIF metadata. | Test reader warning: new_instances layout assumes cell IDs 1..NCells are eligible firebreak nodes. | Test reader warning: Skipped 1 non-arc rows in MessagesFile09001.csv. | Test reader warning: Skipped 1 non-arc rows in MessagesFile09002.csv. | Test reader warning: Skipped 1 non-arc rows in MessagesFile09003.csv. | Test reader warning: Skipped 1 non-arc rows in MessagesFile09004.csv. | Test reader warning: Skipped 1 non-arc rows in MessagesFile09005.csv. | Test reader warning: Skipped 1 non-arc rows in MessagesFile09006.csv. | Test reader warning: Skipped 1 non-arc rows in MessagesFile09007.csv. | Test reader warning: Skipped 1 non-arc rows in MessagesFile09008.csv. | Test reader warning: Skipped 1 non-arc rows in MessagesFile09009.csv. | Test reader warning: Skipped 1 non-arc rows in MessagesFile09010.csv. | Test reader warning: Skipped 1 non-arc rows in MessagesFile09011.csv. | Test reader warning: Skipped 1 non-arc rows in MessagesFile09012.csv. | Test reader warning: Skipped 1 non-arc rows in MessagesFile09013.csv. | Test reader warning: Skipped 1 non-arc rows in MessagesFile09014.csv. | Test reader warning: Skipped 1 non-arc rows in MessagesFile09015.csv. | Test reader warning: Skipped 1 non-arc rows in MessagesFile09016.csv. | Test reader warning: Skipped 1 non-arc rows in MessagesFile09017.csv. | Test reader warning: Skipped 1 non-arc rows in MessagesFile09018.csv. | Test reader warning: Skipped 1 non-arc rows in MessagesFile09019.csv. | Test reader warning: Skipped 1 non-arc rows in MessagesFile09020.csv. | Test reader warning: Skipped 1 non-arc rows in MessagesFile09021.csv. | Test reader warning: Skipped 1 non-arc rows in MessagesFile09022.csv. | Test reader warning: Skipped 1 non-arc rows in MessagesFile09023.csv. | Test reader warning: Skipped 1 non-arc rows in MessagesFile09024.csv. | Test reader warning: Skipped 1 non-arc rows in MessagesFile09025.csv. | Test reader warning: Skipped 1 non-arc rows in MessagesFile09026.csv. | Test reader warning: Skipped 1 non-arc rows in MessagesFile09027.csv. | Test reader warning: Skipped 1 non-arc rows in MessagesFile09028.csv. | Test reader warning: Skipped 1 non-arc rows in MessagesFile09029.csv. | Test reader warning: Skipped 1 non-arc rows in MessagesFile09030.csv. | Test reader warning: Skipped 1 non-arc rows in MessagesFile09031.csv. | Test reader warning: Skipped 1 non-arc rows in MessagesFile09032.csv. | Test reader warning: Skipped 1 non-arc rows in MessagesFile09033.csv. | Test reader warning: Skipped 1 non-arc rows in MessagesFile09034.csv. | Test reader warning: Skipped 1 non-arc rows in MessagesFile09035.csv. | Test reader warning: Skipped 1 non-arc rows in MessagesFile09036.csv. | Test reader warning: Skipped 1 non-arc rows in MessagesFile09037.csv. | Test reader warning: Skipped 1 non-arc rows in MessagesFile09038.csv. | Test reader warning: Skipped 1 non-arc rows in MessagesFile09039.csv. | Test reader warning: Skipped 1 non-arc rows in MessagesFile09040.csv. | Test reader warning: Skipped 1 non-arc rows in MessagesFile09041.csv. | Test reader warning: Skipped 1 non-arc rows in MessagesFile09042.csv. | Test reader warning: Skipped 1 non-arc rows in MessagesFile09043.csv. | Test reader warning: Skipped 1 non-arc rows in MessagesFile09044.csv. | Test reader warning: Skipped 1 non-arc rows in MessagesFile09045.csv. | Test reader warning: Skipped 1 non-arc rows in MessagesFile09046.csv. | Test reader warning: Skipped 1 non-arc rows in MessagesFile09047.csv. | Test reader warning: Skipped 1 non-arc rows in MessagesFile09048.csv. | Test reader warning: Skipped 1 non-arc rows in MessagesFile09049.csv. | Test reader warning: Skipped 1 non-arc rows in MessagesFile09050.csv. | Test reader warning: No arcs parsed from MessagesFile09051.csv. | Test reader warning: Skipped 1 non-arc rows in MessagesFile09051.csv. | Test reader warning: Skipped 1 non-arc rows in MessagesFile09052.csv. | Test reader warning: Skipped 1 non-arc rows in MessagesFile09053.csv. | Test reader warning: Skipped 1 non-arc rows in MessagesFile09054.csv. | Test reader warning: Skipped 1 non-arc rows in MessagesFile09055.csv. | Test reader warning: Skipped 1 non-arc rows in MessagesFile09056.csv. | Test reader warning: Skipped 1 non-arc rows in MessagesFile09057.csv. | Test reader warning: Skipped 1 non-arc rows in MessagesFile09058.csv. | Test reader warning: Skipped 1 non-arc rows in MessagesFile09059.csv. | Test reader warning: Skipped 1 non-arc rows in MessagesFile09060.csv. | Test reader warning: Skipped 1 non-arc rows in MessagesFile09061.csv. | Test reader warning: Skipped 1 non-arc rows in MessagesFile09062.csv. | Test reader warning: Skipped 1 non-arc rows in MessagesFile09063.csv. | Test reader warning: No arcs parsed from MessagesFile09064.csv. | Test reader warning: Skipped 1 non-arc rows in MessagesFile09064.csv. | Test reader warning: Skipped 1 non-arc rows in MessagesFile09065.csv. | Test reader warning: Skipped 1 non-arc rows in MessagesFile09066.csv. | Test reader warning: Skipped 1 non-arc rows in MessagesFile09067.csv. | Test reader warning: Skipped 1 non-arc rows in MessagesFile09068.csv. | Test reader warning: Skipped 1 non-arc rows in MessagesFile09069.csv. | Test reader warning: Skipped 1 non-arc rows in MessagesFile09070.csv. | Test reader warning: Skipped 1 non-arc rows in MessagesFile09071.csv. | Test reader warning: Skipped 1 non-arc rows in MessagesFile09072.csv. | Test reader warning: Skipped 1 non-arc rows in MessagesFile09073.csv. | Test reader warning: Skipped 1 non-arc rows in MessagesFile09074.csv. | Test reader warning: Skipped 1 non-arc rows in MessagesFile09075.csv. | Test reader warning: Skipped 1 non-arc rows in MessagesFile09076.csv. | Test reader warning: Skipped 1 non-arc rows in MessagesFile09077.csv. | Test reader warning: Skipped 1 non-arc rows in MessagesFile09078.csv. | Test reader warning: Skipped 1 non-arc rows in MessagesFile09079.csv. | Test reader warning: Skipped 1 non-arc rows in MessagesFile09080.csv. | Test reader warning: Skipped 1 non-arc rows in MessagesFile09081.csv. | Test reader warning: Skipped 1 non-arc rows in MessagesFile09082.csv. | Test reader warning: Skipped 1 non-arc rows in MessagesFile09083.csv. | Test reader warning: Skipped 1 non-arc rows in MessagesFile09084.csv. | Test reader warning: Skipped 1 non-arc rows in MessagesFile09085.csv. | Test reader warning: Skipped 1 non-arc rows in MessagesFile09086.csv. | Test reader warning: Skipped 1 non-arc rows in MessagesFile09087.csv. | Test reader warning: Skipped 1 non-arc rows in MessagesFile09088.csv. | Test reader warning: Skipped 1 non-arc rows in MessagesFile09089.csv. | Test reader warning: Skipped 1 non-arc rows in MessagesFile09090.csv. | Test reader warning: Skipped 1 non-arc rows in MessagesFile09091.csv. | Test reader warning: Skipped 1 non-arc rows in MessagesFile09092.csv. | Test reader warning: Skipped 1 non-arc rows in MessagesFile09093.csv. | Test reader warning: Skipped 1 non-arc rows in MessagesFile09094.csv. | Test reader warning: Skipped 1 non-arc rows in MessagesFile09095.csv. | Test reader warning: Skipped 1 non-arc rows in MessagesFile09096.csv. | Test reader warning: Skipped 1 non-arc rows in MessagesFile09097.csv. | Test reader warning: Skipped 1 non-arc rows in MessagesFile09098.csv. | Test reader warning: Skipped 1 non-arc rows in MessagesFile09099.csv. | Test reader warning: Skipped 1 non-arc rows in MessagesFile09100.csv. | Test reader warning: Skipped 1 non-arc rows in MessagesFile09101.csv. | Test reader warning: Skipped 1 non-arc rows in MessagesFile09102.csv. | Test reader warning: Skipped 1 non-arc rows in MessagesFile09103.csv. | Test reader warning: Skipped 1 non-arc rows in MessagesFile09104.csv. | Test reader warning: Skipped 1 non-arc rows in MessagesFile09105.csv. | Test reader warning: Skipped 1 non-arc rows in MessagesFile09106.csv. | Test reader warning: Skipped 1 non-arc rows in MessagesFile09107.csv. | Test reader warning: Skipped 1 non-arc rows in MessagesFile09108.csv. | Test reader warning: Skipped 1 non-arc rows in MessagesFile09109.csv. | Test reader warning: Skipped 1 non-arc rows in MessagesFile09110.csv. | Test reader warning: Skipped 1 non-arc rows in MessagesFile09111.csv. | Test reader warning: Skipped 1 non-arc rows in MessagesFile09112.csv. | Test reader warning: Skipped 1 non-arc rows in MessagesFile09113.csv. | Test reader warning: Skipped 1 non-arc rows in MessagesFile09114.csv. | Test reader warning: Skipped 1 non-arc rows in MessagesFile09115.csv. | Test reader warning: Skipped 1 non-arc rows in MessagesFile09116.csv. | Test reader warning: Skipped 1 non-arc rows in MessagesFile09117.csv. | Test reader warning: Skipped 1 non-arc rows in MessagesFile09118.csv. | Test reader warning: Skipped 1 non-arc rows in MessagesFile09119.csv. | Test reader warning: Skipped 1 non-arc rows in MessagesFile09120.csv. | Test reader warning: Skipped 1 non-arc rows in MessagesFile09121.csv. | Test reader warning: Skipped 1 non-arc rows in MessagesFile09122.csv. | Test reader warning: Skipped 1 non-arc rows in MessagesFile09123.csv. | Test reader warning: Skipped 1 non-arc rows in MessagesFile09124.csv. | Test reader warning: Skipped 1 non-arc rows in MessagesFile09125.csv. | Test reader warning: Skipped 1 non-arc rows in MessagesFile09126.csv. | Test reader warning: Skipped 1 non-arc rows in MessagesFile09127.csv. | Test reader warning: Skipped 1 non-arc rows in MessagesFile09128.csv. | Test reader warning: Skipped 1 non-arc rows in MessagesFile09129.csv. | Test reader warning: Skipped 1 non-arc rows in MessagesFile09130.csv. | Test reader warning: Skipped 1 non-arc rows in MessagesFile09131.csv. | Test reader warning: Skipped 1 non-arc rows in MessagesFile09132.csv. | Test reader warning: Skipped 1 non-arc rows in MessagesFile09133.csv. | Test reader warning: Skipped 1 non-arc rows in MessagesFile09134.csv. | Test reader warning: Skipped 1 non-arc rows in MessagesFile09135.csv. | Test reader warning: Skipped 1 non-arc rows in MessagesFile09136.csv. | Test reader warning: Skipped 1 non-arc rows in MessagesFile09137.csv. | Test reader warning: Skipped 1 non-arc rows in MessagesFile09138.csv. | Test reader warning: Skipped 1 non-arc rows in MessagesFile09139.csv. | Test reader warning: Skipped 1 non-arc rows in MessagesFile09140.csv. | Test reader warning: Skipped 1 non-arc rows in MessagesFile09141.csv. | Test reader warning: Skipped 1 non-arc rows in MessagesFile09142.csv. | Test reader warning: Skipped 1 non-arc rows in MessagesFile09143.csv. | Test reader warning: Skipped 1 non-arc rows in MessagesFile09144.csv. | Test reader warning: Skipped 1 non-arc rows in MessagesFile09145.csv. | Test reader warning: Skipped 1 non-arc rows in MessagesFile09146.csv. | Test reader warning: Skipped 1 non-arc rows in MessagesFile09147.csv. | Test reader warning: Skipped 1 non-arc rows in MessagesFile09148.csv. | Test reader warning: Skipped 1 non-arc rows in MessagesFile09149.csv. | Test reader warning: Skipped 1 non-arc rows in MessagesFile09150.csv. | Test reader warning: Skipped 1 non-arc rows in MessagesFile09151.csv. | Test reader warning: Skipped 1 non-arc rows in MessagesFile09152.csv. | Test reader warning: Skipped 1 non-arc rows in MessagesFile09153.csv. | Test reader warning: Skipped 1 non-arc rows in MessagesFile09154.csv. | Test reader warning: Skipped 1 non-arc rows in MessagesFile09155.csv. | Test reader warning: Skipped 1 non-arc rows in MessagesFile09156.csv. | Test reader warning: Skipped 1 non-arc rows in MessagesFile09157.csv. | Test reader warning: Skipped 1 non-arc rows in MessagesFile09158.csv. | Test reader warning: Skipped 1 non-arc rows in MessagesFile09159.csv. | Test reader warning: Skipped 1 non-arc rows in MessagesFile09160.csv. | Test reader warning: Skipped 1 non-arc rows in MessagesFile09161.csv. | Test reader warning: Skipped 1 non-arc rows in MessagesFile09162.csv. | Test reader warning: Skipped 1 non-arc rows in MessagesFile09163.csv. | Test reader warning: Skipped 1 non-arc rows in MessagesFile09164.csv. | Test reader warning: Skipped 1 non-arc rows in MessagesFile09165.csv. | Test reader warning: Skipped 1 non-arc rows in MessagesFile09166.csv. | Test reader warning: Skipped 1 non-arc rows in MessagesFile09167.csv. | Test reader warning: Skipped 1 non-arc rows in MessagesFile09168.csv. | Test reader warning: Skipped 1 non-arc rows in MessagesFile09169.csv. | Test reader warning: Skipped 1 non-arc rows in MessagesFile09170.csv. | Test reader warning: Skipped 1 non-arc rows in MessagesFile09171.csv. | Test reader warning: Skipped 1 non-arc rows in MessagesFile09172.csv. | Test reader warning: Skipped 1 non-arc rows in MessagesFile09173.csv. | Test reader warning: Skipped 1 non-arc rows in MessagesFile09174.csv. | Test reader warning: Skipped 1 non-arc rows in MessagesFile09175.csv. | Test reader warning: Skipped 1 non-arc rows in MessagesFile09176.csv. | Test reader warning: Skipped 1 non-arc rows in MessagesFile09177.csv. | Test reader warning: Skipped 1 non-arc rows in MessagesFile09178.csv. | Test reader warning: Skipped 1 non-arc rows in MessagesFile09179.csv. | Test reader warning: Skipped 1 non-arc rows in MessagesFile09180.csv. | Test reader warning: Skipped 1 non-arc rows in MessagesFile09181.csv. | Test reader warning: Skipped 1 non-arc rows in MessagesFile09182.csv. | Test reader warning: Skipped 1 non-arc rows in MessagesFile09183.csv. | Test reader warning: Skipped 1 non-arc rows in MessagesFile09184.csv. | Test reader warning: Skipped 1 non-arc rows in MessagesFile09185.csv. | Test reader warning: Skipped 1 non-arc rows in MessagesFile09186.csv. | Test reader warning: Skipped 1 non-arc rows in MessagesFile09187.csv. | Test reader warning: Skipped 1 non-arc rows in MessagesFile09188.csv. | Test reader warning: Skipped 1 non-arc rows in MessagesFile09189.csv. | Test reader warning: Skipped 1 non-arc rows in MessagesFile09190.csv. | Test reader warning: Skipped 1 non-arc rows in MessagesFile09191.csv. | Test reader warning: Skipped 1 non-arc rows in MessagesFile09192.csv. | Test reader warning: Skipped 1 non-arc rows in MessagesFile09193.csv. | Test reader warning: Skipped 1 non-arc rows in MessagesFile09194.csv. | Test reader warning: Skipped 1 non-arc rows in MessagesFile09195.csv. | Test reader warning: Skipped 1 non-arc rows in MessagesFile09196.csv. | Test reader warning: Skipped 1 non-arc rows in MessagesFile09197.csv. | Test reader warning: Skipped 1 non-arc rows in MessagesFile09198.csv. | Test reader warning: Skipped 1 non-arc rows in MessagesFile09199.csv. | Test reader warning: Skipped 1 non-arc rows in MessagesFile09200.csv. | Test reader warning: Skipped 1 non-arc rows in MessagesFile09201.csv. | Test reader warning: Skipped 1 non-arc rows in MessagesFile09202.csv. | Test reader warning: Skipped 1 non-arc rows in MessagesFile09203.csv. | Test reader warning: Skipped 1 non-arc rows in MessagesFile09204.csv. | Test reader warning: Skipped 1 non-arc rows in MessagesFile09205.csv. | Test reader warning: Skipped 1 non-arc rows in MessagesFile09206.csv. | Test reader warning: Skipped 1 non-arc rows in MessagesFile09207.csv. | Test reader warning: Skipped 1 non-arc rows in MessagesFile09208.csv. | Test reader warning: Skipped 1 non-arc rows in MessagesFile09209.csv. | Test reader warning: Skipped 1 non-arc rows in MessagesFile09210.csv. | Test reader warning: Skipped 1 non-arc rows in MessagesFile09211.csv. | Test reader warning: Skipped 1 non-arc rows in MessagesFile09212.csv. | Test reader warning: Skipped 1 non-arc rows in MessagesFile09213.csv. | Test reader warning: Skipped 1 non-arc rows in MessagesFile09214.csv. | Test reader warning: Skipped 1 non-arc rows in MessagesFile09215.csv. | Test reader warning: Skipped 1 non-arc rows in MessagesFile09216.csv. | Test reader warning: Skipped 1 non-arc rows in MessagesFile09217.csv. | Test reader warning: Skipped 1 non-arc rows in MessagesFile09218.csv. | Test reader warning: Skipped 1 non-arc rows in MessagesFile09219.csv. | Test reader warning: Skipped 1 non-arc rows in MessagesFile09220.csv. | Test reader warning: Skipped 1 non-arc rows in MessagesFile09221.csv. | Test reader warning: Skipped 1 non-arc rows in MessagesFile09222.csv. | Test reader warning: Skipped 1 non-arc rows in MessagesFile09223.csv. | Test reader warning: Skipped 1 non-arc rows in MessagesFile09224.csv. | Test reader warning: Skipped 1 non-arc rows in MessagesFile09225.csv. | Test reader warning: Skipped 1 non-arc rows in MessagesFile09226.csv. | Test reader warning: Skipped 1 non-arc rows in MessagesFile09227.csv. | Test reader warning: Skipped 1 non-arc rows in MessagesFile09228.csv. | Test reader warning: Skipped 1 non-arc rows in MessagesFile09229.csv. | Test reader warning: Skipped 1 non-arc rows in MessagesFile09230.csv. | Test reader warning: Skipped 1 non-arc rows in MessagesFile09231.csv. | Test reader warning: Skipped 1 non-arc rows in MessagesFile09232.csv. | Test reader warning: Skipped 1 non-arc rows in MessagesFile09233.csv. | Test reader warning: Skipped 1 non-arc rows in MessagesFile09234.csv. | Test reader warning: Skipped 1 non-arc rows in MessagesFile09235.csv. | Test reader warning: Skipped 1 non-arc rows in MessagesFile09236.csv. | Test reader warning: Skipped 1 non-arc rows in MessagesFile09237.csv. | Test reader warning: Skipped 1 non-arc rows in MessagesFile09238.csv. | Test reader warning: Skipped 1 non-arc rows in MessagesFile09239.csv. | Test reader warning: Skipped 1 non-arc rows in MessagesFile09240.csv. | Test reader warning: Skipped 1 non-arc rows in MessagesFile09241.csv. | Test reader warning: Skipped 1 non-arc rows in MessagesFile09242.csv. | Test reader warning: Skipped 1 non-arc rows in MessagesFile09243.csv. | Test reader warning: Skipped 1 non-arc rows in MessagesFile09244.csv. | Test reader warning: Skipped 1 non-arc rows in MessagesFile09245.csv. | Test reader warning: Skipped 1 non-arc rows in MessagesFile09246.csv. | Test reader warning: Skipped 1 non-arc rows in MessagesFile09247.csv. | Test reader warning: Skipped 1 non-arc rows in MessagesFile09248.csv. | Test reader warning: Skipped 1 non-arc rows in MessagesFile09249.csv. | Test reader warning: Skipped 1 non-arc rows in MessagesFile09250.csv. | Test reader warning: Skipped 1 non-arc rows in MessagesFile09251.csv. | Test reader warning: Skipped 1 non-arc rows in MessagesFile09252.csv. | Test reader warning: Skipped 1 non-arc rows in MessagesFile09253.csv. | Test reader warning: Skipped 1 non-arc rows in MessagesFile09254.csv. | Test reader warning: Skipped 1 non-arc rows in MessagesFile09255.csv. | Test reader warning: Skipped 1 non-arc rows in MessagesFile09256.csv. | Test reader warning: Skipped 1 non-arc rows in MessagesFile09257.csv. | Test reader warning: Skipped 1 non-arc rows in MessagesFile09258.csv. | Test reader warning: Skipped 1 non-arc rows in MessagesFile09259.csv. | Test reader warning: Skipped 1 non-arc rows in MessagesFile09260.csv. | Test reader warning: Skipped 1 non-arc rows in MessagesFile09261.csv. | Test reader warning: Skipped 1 non-arc rows in MessagesFile09262.csv. | Test reader warning: Skipped 1 non-arc rows in MessagesFile09263.csv. | Test reader warning: Skipped 1 non-arc rows in MessagesFile09264.csv. | Test reader warning: Skipped 1 non-arc rows in MessagesFile09265.csv. | Test reader warning: No arcs parsed from MessagesFile09266.csv. | Test reader warning: Skipped 1 non-arc rows in MessagesFile09266.csv. | Test reader warning: Skipped 1 non-arc rows in MessagesFile09267.csv. | Test reader warning: Skipped 1 non-arc rows in MessagesFile09268.csv. | Test reader warning: Skipped 1 non-arc rows in MessagesFile09269.csv. | Test reader warning: Skipped 1 non-arc rows in MessagesFile09270.csv. | Test reader warning: Skipped 1 non-arc rows in MessagesFile09271.csv. | Test reader warning: Skipped 1 non-arc rows in MessagesFile09272.csv. | Test reader warning: Skipped 1 non-arc rows in MessagesFile09273.csv. | Test reader warning: Skipped 1 non-arc rows in MessagesFile09274.csv. | Test reader warning: Skipped 1 non-arc rows in MessagesFile09275.csv. | Test reader warning: Skipped 1 non-arc rows in MessagesFile09276.csv. | Test reader warning: Skipped 1 non-arc rows in MessagesFile09277.csv. | Test reader warning: Skipped 1 non-arc rows in MessagesFile09278.csv. | Test reader warning: Skipped 1 non-arc rows in MessagesFile09279.csv. | Test reader warning: Skipped 1 non-arc rows in MessagesFile09280.csv. | Test reader warning: Skipped 1 non-arc rows in MessagesFile09281.csv. | Test reader warning: Skipped 1 non-arc rows in MessagesFile09282.csv. | Test reader warning: Skipped 1 non-arc rows in MessagesFile09283.csv. | Test reader warning: Skipped 1 non-arc rows in MessagesFile09284.csv. | Test reader warning: Skipped 1 non-arc rows in MessagesFile09285.csv. | Test reader warning: Skipped 1 non-arc rows in MessagesFile09286.csv. | Test reader warning: Skipped 1 non-arc rows in MessagesFile09287.csv. | Test reader warning: Skipped 1 non-arc rows in MessagesFile09288.csv. | Test reader warning: Skipped 1 non-arc rows in MessagesFile09289.csv. | Test reader warning: Skipped 1 non-arc rows in MessagesFile09290.csv. | Test reader warning: Skipped 1 non-arc rows in MessagesFile09291.csv. | Test reader warning: Skipped 1 non-arc rows in MessagesFile09292.csv. | Test reader warning: Skipped 1 non-arc rows in MessagesFile09293.csv. | Test reader warning: Skipped 1 non-arc rows in MessagesFile09294.csv. | Test reader warning: Skipped 1 non-arc rows in MessagesFile09295.csv. | Test reader warning: No arcs parsed from MessagesFile09296.csv. | Test reader warning: Skipped 1 non-arc rows in MessagesFile09296.csv. | Test reader warning: Skipped 1 non-arc rows in MessagesFile09297.csv. | Test reader warning: Skipped 1 non-arc rows in MessagesFile09298.csv. | Test reader warning: Skipped 1 non-arc rows in MessagesFile09299.csv. | Test reader warning: Skipped 1 non-arc rows in MessagesFile09300.csv. | Test reader warning: Skipped 1 non-arc rows in MessagesFile09301.csv. | Test reader warning: Skipped 1 non-arc rows in MessagesFile09302.csv. | Test reader warning: Skipped 1 non-arc rows in MessagesFile09303.csv. | Test reader warning: Skipped 1 non-arc rows in MessagesFile09304.csv. | Test reader warning: Skipped 1 non-arc rows in MessagesFile09305.csv. | Test reader warning: Skipped 1 non-arc rows in MessagesFile09306.csv. | Test reader warning: Skipped 1 non-arc rows in MessagesFile09307.csv. | Test reader warning: Skipped 1 non-arc rows in MessagesFile09308.csv. | Test reader warning: Skipped 1 non-arc rows in MessagesFile09309.csv. | Test reader warning: Skipped 1 non-arc rows in MessagesFile09310.csv. | Test reader warning: Skipped 1 non-arc rows in MessagesFile09311.csv. | Test reader warning: Skipped 1 non-arc rows in MessagesFile09312.csv. | Test reader warning: Skipped 1 non-arc rows in MessagesFile09313.csv. | Test reader warning: Skipped 1 non-arc rows in MessagesFile09314.csv. | Test reader warning: Skipped 1 non-arc rows in MessagesFile09315.csv. | Test reader warning: No arcs parsed from MessagesFile09316.csv. | Test reader warning: Skipped 1 non-arc rows in MessagesFile09316.csv. | Test reader warning: Skipped 1 non-arc rows in MessagesFile09317.csv. | Test reader warning: No arcs parsed from MessagesFile09318.csv. | Test reader warning: Skipped 1 non-arc rows in MessagesFile09318.csv. | Test reader warning: Skipped 1 non-arc rows in MessagesFile09319.csv. | Test reader warning: Skipped 1 non-arc rows in MessagesFile09320.csv. | Test reader warning: Skipped 1 non-arc rows in MessagesFile09321.csv. | Test reader warning: Skipped 1 non-arc rows in MessagesFile09322.csv. | Test reader warning: Skipped 1 non-arc rows in MessagesFile09323.csv. | Test reader warning: Skipped 1 non-arc rows in MessagesFile09324.csv. | Test reader warning: Skipped 1 non-arc rows in MessagesFile09325.csv. | Test reader warning: Skipped 1 non-arc rows in MessagesFile09326.csv. | Test reader warning: Skipped 1 non-arc rows in MessagesFile09327.csv. | Test reader warning: Skipped 1 non-arc rows in MessagesFile09328.csv. | Test reader warning: Skipped 1 non-arc rows in MessagesFile09329.csv. | Test reader warning: Skipped 1 non-arc rows in MessagesFile09330.csv. | Test reader warning: Skipped 1 non-arc rows in MessagesFile09331.csv. | Test reader warning: Skipped 1 non-arc rows in MessagesFile09332.csv. | Test reader warning: Skipped 1 non-arc rows in MessagesFile09333.csv. | Test reader warning: Skipped 1 non-arc rows in MessagesFile09334.csv. | Test reader warning: Skipped 1 non-arc rows in MessagesFile09335.csv. | Test reader warning: Skipped 1 non-arc rows in MessagesFile09336.csv. | Test reader warning: Skipped 1 non-arc rows in MessagesFile09337.csv. | Test reader warning: Skipped 1 non-arc rows in MessagesFile09338.csv. | Test reader warning: Skipped 1 non-arc rows in MessagesFile09339.csv. | Test reader warning: Skipped 1 non-arc rows in MessagesFile09340.csv. | Test reader warning: Skipped 1 non-arc rows in MessagesFile09341.csv. | Test reader warning: Skipped 1 non-arc rows in MessagesFile09342.csv. | Test reader warning: Skipped 1 non-arc rows in MessagesFile09343.csv. | Test reader warning: Skipped 1 non-arc rows in MessagesFile09344.csv. | Test reader warning: Skipped 1 non-arc rows in MessagesFile09345.csv. | Test reader warning: Skipped 1 non-arc rows in MessagesFile09346.csv. | Test reader warning: Skipped 1 non-arc rows in MessagesFile09347.csv. | Test reader warning: Skipped 1 non-arc rows in MessagesFile09348.csv. | Test reader warning: Skipped 1 non-arc rows in MessagesFile09349.csv. | Test reader warning: Skipped 1 non-arc rows in MessagesFile09350.csv. | Test reader warning: Skipped 1 non-arc rows in MessagesFile09351.csv. | Test reader warning: Skipped 1 non-arc rows in MessagesFile09352.csv. | Test reader warning: Skipped 1 non-arc rows in MessagesFile09353.csv. | Test reader warning: Skipped 1 non-arc rows in MessagesFile09354.csv. | Test reader warning: Skipped 1 non-arc rows in MessagesFile09355.csv. | Test reader warning: Skipped 1 non-arc rows in MessagesFile09356.csv. | Test reader warning: Skipped 1 non-arc rows in MessagesFile09357.csv. | Test reader warning: Skipped 1 non-arc rows in MessagesFile09358.csv. | Test reader warning: Skipped 1 non-arc rows in MessagesFile09359.csv. | Test reader warning: Skipped 1 non-arc rows in MessagesFile09360.csv. | Test reader warning: Skipped 1 non-arc rows in MessagesFile09361.csv. | Test reader warning: Skipped 1 non-arc rows in MessagesFile09362.csv. | Test reader warning: Skipped 1 non-arc rows in MessagesFile09363.csv. | Test reader warning: Skipped 1 non-arc rows in MessagesFile09364.csv. | Test reader warning: Skipped 1 non-arc rows in MessagesFile09365.csv. | Test reader warning: Skipped 1 non-arc rows in MessagesFile09366.csv. | Test reader warning: Skipped 1 non-arc rows in MessagesFile09367.csv. | Test reader warning: Skipped 1 non-arc rows in MessagesFile09368.csv. | Test reader warning: Skipped 1 non-arc rows in MessagesFile09369.csv. | Test reader warning: Skipped 1 non-arc rows in MessagesFile09370.csv. | Test reader warning: Skipped 1 non-arc rows in MessagesFile09371.csv. | Test reader warning: Skipped 1 non-arc rows in MessagesFile09372.csv. | Test reader warning: Skipped 1 non-arc rows in MessagesFile09373.csv. | Test reader warning: Skipped 1 non-arc rows in MessagesFile09374.csv. | Test reader warning: Skipped 1 non-arc rows in MessagesFile09375.csv. | Test reader warning: Skipped 1 non-arc rows in MessagesFile09376.csv. | Test reader warning: Skipped 1 non-arc rows in MessagesFile09377.csv. | Test reader warning: Skipped 1 non-arc rows in MessagesFile09378.csv. | Test reader warning: Skipped 1 non-arc rows in MessagesFile09379.csv. | Test reader warning: Skipped 1 non-arc rows in MessagesFile09380.csv. | Test reader warning: Skipped 1 non-arc rows in MessagesFile09381.csv. | Test reader warning: Skipped 1 non-arc rows in MessagesFile09382.csv. | Test reader warning: Skipped 1 non-arc rows in MessagesFile09383.csv. | Test reader warning: Skipped 1 non-arc rows in MessagesFile09384.csv. | Test reader warning: Skipped 1 non-arc rows in MessagesFile09385.csv. | Test reader warning: Skipped 1 non-arc rows in MessagesFile09386.csv. | Test reader warning: Skipped 1 non-arc rows in MessagesFile09387.csv. | Test reader warning: Skipped 1 non-arc rows in MessagesFile09388.csv. | Test reader warning: Skipped 1 non-arc rows in MessagesFile09389.csv. | Test reader warning: Skipped 1 non-arc rows in MessagesFile09390.csv. | Test reader warning: Skipped 1 non-arc rows in MessagesFile09391.csv. | Test reader warning: Skipped 1 non-arc rows in MessagesFile09392.csv. | Test reader warning: Skipped 1 non-arc rows in MessagesFile09393.csv. | Test reader warning: Skipped 1 non-arc rows in MessagesFile09394.csv. | Test reader warning: Skipped 1 non-arc rows in MessagesFile09395.csv. | Test reader warning: Skipped 1 non-arc rows in MessagesFile09396.csv. | Test reader warning: Skipped 1 non-arc rows in MessagesFile09397.csv. | Test reader warning: Skipped 1 non-arc rows in MessagesFile09398.csv. | Test reader warning: Skipped 1 non-arc rows in MessagesFile09399.csv. | Test reader warning: Skipped 1 non-arc rows in MessagesFile09400.csv. | Test reader warning: Skipped 1 non-arc rows in MessagesFile09401.csv. | Test reader warning: Skipped 1 non-arc rows in MessagesFile09402.csv. | Test reader warning: Skipped 1 non-arc rows in MessagesFile09403.csv. | Test reader warning: Skipped 1 non-arc rows in MessagesFile09404.csv. | Test reader warning: Skipped 1 non-arc rows in MessagesFile09405.csv. | Test reader warning: Skipped 1 non-arc rows in MessagesFile09406.csv. | Test reader warning: Skipped 1 non-arc rows in MessagesFile09407.csv. | Test reader warning: Skipped 1 non-arc rows in MessagesFile09408.csv. | Test reader warning: Skipped 1 non-arc rows in MessagesFile09409.csv. | Test reader warning: Skipped 1 non-arc rows in MessagesFile09410.csv. | Test reader warning: Skipped 1 non-arc rows in MessagesFile09411.csv. | Test reader warning: Skipped 1 non-arc rows in MessagesFile09412.csv. | Test reader warning: Skipped 1 non-arc rows in MessagesFile09413.csv. | Test reader warning: Skipped 1 non-arc rows in MessagesFile09414.csv. | Test reader warning: Skipped 1 non-arc rows in MessagesFile09415.csv. | Test reader warning: Skipped 1 non-arc rows in MessagesFile09416.csv. | Test reader warning: Skipped 1 non-arc rows in MessagesFile09417.csv. | Test reader warning: Skipped 1 non-arc rows in MessagesFile09418.csv. | Test reader warning: Skipped 1 non-arc rows in MessagesFile09419.csv. | Test reader warning: Skipped 1 non-arc rows in MessagesFile09420.csv. | Test reader warning: Skipped 1 non-arc rows in MessagesFile09421.csv. | Test reader warning: Skipped 1 non-arc rows in MessagesFile09422.csv. | Test reader warning: Skipped 1 non-arc rows in MessagesFile09423.csv. | Test reader warning: Skipped 1 non-arc rows in MessagesFile09424.csv. | Test reader warning: Skipped 1 non-arc rows in MessagesFile09425.csv. | Test reader warning: Skipped 1 non-arc rows in MessagesFile09426.csv. | Test reader warning: Skipped 1 non-arc rows in MessagesFile09427.csv. | Test reader warning: Skipped 1 non-arc rows in MessagesFile09428.csv. | Test reader warning: Skipped 1 non-arc rows in MessagesFile09429.csv. | Test reader warning: Skipped 1 non-arc rows in MessagesFile09430.csv. | Test reader warning: Skipped 1 non-arc rows in MessagesFile09431.csv. | Test reader warning: Skipped 1 non-arc rows in MessagesFile09432.csv. | Test reader warning: Skipped 1 non-arc rows in MessagesFile09433.csv. | Test reader warning: Skipped 1 non-arc rows in MessagesFile09434.csv. | Test reader warning: Skipped 1 non-arc rows in MessagesFile09435.csv. | Test reader warning: Skipped 1 non-arc rows in MessagesFile09436.csv. | Test reader warning: Skipped 1 non-arc rows in MessagesFile09437.csv. | Test reader warning: Skipped 1 non-arc rows in MessagesFile09438.csv. | Test reader warning: Skipped 1 non-arc rows in MessagesFile09439.csv. | Test reader warning: Skipped 1 non-arc rows in MessagesFile09440.csv. | Test reader warning: Skipped 1 non-arc rows in MessagesFile09441.csv. | Test reader warning: Skipped 1 non-arc rows in MessagesFile09442.csv. | Test reader warning: Skipped 1 non-arc rows in MessagesFile09443.csv. | Test reader warning: Skipped 1 non-arc rows in MessagesFile09444.csv. | Test reader warning: Skipped 1 non-arc rows in MessagesFile09445.csv. | Test reader warning: Skipped 1 non-arc rows in MessagesFile09446.csv. | Test reader warning: Skipped 1 non-arc rows in MessagesFile09447.csv. | Test reader warning: Skipped 1 non-arc rows in MessagesFile09448.csv. | Test reader warning: Skipped 1 non-arc rows in MessagesFile09449.csv. | Test reader warning: Skipped 1 non-arc rows in MessagesFile09450.csv. | Test reader warning: Skipped 1 non-arc rows in MessagesFile09451.csv. | Test reader warning: Skipped 1 non-arc rows in MessagesFile09452.csv. | Test reader warning: Skipped 1 non-arc rows in MessagesFile09453.csv. | Test reader warning: Skipped 1 non-arc rows in MessagesFile09454.csv. | Test reader warning: Skipped 1 non-arc rows in MessagesFile09455.csv. | Test reader warning: Skipped 1 non-arc rows in MessagesFile09456.csv. | Test reader warning: Skipped 1 non-arc rows in MessagesFile09457.csv. | Test reader warning: Skipped 1 non-arc rows in MessagesFile09458.csv. | Test reader warning: Skipped 1 non-arc rows in MessagesFile09459.csv. | Test reader warning: Skipped 1 non-arc rows in MessagesFile09460.csv. | Test reader warning: Skipped 1 non-arc rows in MessagesFile09461.csv. | Test reader warning: Skipped 1 non-arc rows in MessagesFile09462.csv. | Test reader warning: Skipped 1 non-arc rows in MessagesFile09463.csv. | Test reader warning: Skipped 1 non-arc rows in MessagesFile09464.csv. | Test reader warning: Skipped 1 non-arc rows in MessagesFile09465.csv. | Test reader warning: Skipped 1 non-arc rows in MessagesFile09466.csv. | Test reader warning: Skipped 1 non-arc rows in MessagesFile09467.csv. | Test reader warning: Skipped 1 non-arc rows in MessagesFile09468.csv. | Test reader warning: Skipped 1 non-arc rows in MessagesFile09469.csv. | Test reader warning: Skipped 1 non-arc rows in MessagesFile09470.csv. | Test reader warning: Skipped 1 non-arc rows in MessagesFile09471.csv. | Test reader warning: Skipped 1 non-arc rows in MessagesFile09472.csv. | Test reader warning: Skipped 1 non-arc rows in MessagesFile09473.csv. | Test reader warning: No arcs parsed from MessagesFile09474.csv. | Test reader warning: Skipped 1 non-arc rows in MessagesFile09474.csv. | Test reader warning: Skipped 1 non-arc rows in MessagesFile09475.csv. | Test reader warning: Skipped 1 non-arc rows in MessagesFile09476.csv. | Test reader warning: Skipped 1 non-arc rows in MessagesFile09477.csv. | Test reader warning: Skipped 1 non-arc rows in MessagesFile09478.csv. | Test reader warning: Skipped 1 non-arc rows in MessagesFile09479.csv. | Test reader warning: Skipped 1 non-arc rows in MessagesFile09480.csv. | Test reader warning: No arcs parsed from MessagesFile09481.csv. | Test reader warning: Skipped 1 non-arc rows in MessagesFile09481.csv. | Test reader warning: Skipped 1 non-arc rows in MessagesFile09482.csv. | Test reader warning: Skipped 1 non-arc rows in MessagesFile09483.csv. | Test reader warning: Skipped 1 non-arc rows in MessagesFile09484.csv. | Test reader warning: Skipped 1 non-arc rows in MessagesFile09485.csv. | Test reader warning: Skipped 1 non-arc rows in MessagesFile09486.csv. | Test reader warning: Skipped 1 non-arc rows in MessagesFile09487.csv. | Test reader warning: Skipped 1 non-arc rows in MessagesFile09488.csv. | Test reader warning: Skipped 1 non-arc rows in MessagesFile09489.csv. | Test reader warning: Skipped 1 non-arc rows in MessagesFile09490.csv. | Test reader warning: Skipped 1 non-arc rows in MessagesFile09491.csv. | Test reader warning: Skipped 1 non-arc rows in MessagesFile09492.csv. | Test reader warning: Skipped 1 non-arc rows in MessagesFile09493.csv. | Test reader warning: Skipped 1 non-arc rows in MessagesFile09494.csv. | Test reader warning: Skipped 1 non-arc rows in MessagesFile09495.csv. | Test reader warning: Skipped 1 non-arc rows in MessagesFile09496.csv. | Test reader warning: Skipped 1 non-arc rows in MessagesFile09497.csv. | Test reader warning: Skipped 1 non-arc rows in MessagesFile09498.csv. | Test reader warning: Skipped 1 non-arc rows in MessagesFile09499.csv. | Test reader warning: Skipped 1 non-arc rows in MessagesFile09500.csv. | Test reader warning: Skipped 1 non-arc rows in MessagesFile09501.csv. | Test reader warning: Skipped 1 non-arc rows in MessagesFile09502.csv. | Test reader warning: Skipped 1 non-arc rows in MessagesFile09503.csv. | Test reader warning: Skipped 1 non-arc rows in MessagesFile09504.csv. | Test reader warning: Skipped 1 non-arc rows in MessagesFile09505.csv. | Test reader warning: Skipped 1 non-arc rows in MessagesFile09506.csv. | Test reader warning: Skipped 1 non-arc rows in MessagesFile09507.csv. | Test reader warning: Skipped 1 non-arc rows in MessagesFile09508.csv. | Test reader warning: Skipped 1 non-arc rows in MessagesFile09509.csv. | Test reader warning: Skipped 1 non-arc rows in MessagesFile09510.csv. | Test reader warning: Skipped 1 non-arc rows in MessagesFile09511.csv. | Test reader warning: Skipped 1 non-arc rows in MessagesFile09512.csv. | Test reader warning: Skipped 1 non-arc rows in MessagesFile09513.csv. | Test reader warning: Skipped 1 non-arc rows in MessagesFile09514.csv. | Test reader warning: Skipped 1 non-arc rows in MessagesFile09515.csv. | Test reader warning: Skipped 1 non-arc rows in MessagesFile09516.csv. | Test reader warning: Skipped 1 non-arc rows in MessagesFile09517.csv. | Test reader warning: Skipped 1 non-arc rows in MessagesFile09518.csv. | Test reader warning: Skipped 1 non-arc rows in MessagesFile09519.csv. | Test reader warning: Skipped 1 non-arc rows in MessagesFile09520.csv. | Test reader warning: Skipped 1 non-arc rows in MessagesFile09521.csv. | Test reader warning: Skipped 1 non-arc rows in MessagesFile09522.csv. | Test reader warning: Skipped 1 non-arc rows in MessagesFile09523.csv. | Test reader warning: Skipped 1 non-arc rows in MessagesFile09524.csv. | Test reader warning: Skipped 1 non-arc rows in MessagesFile09525.csv. | Test reader warning: Skipped 1 non-arc rows in MessagesFile09526.csv. | Test reader warning: Skipped 1 non-arc rows in MessagesFile09527.csv. | Test reader warning: Skipped 1 non-arc rows in MessagesFile09528.csv. | Test reader warning: Skipped 1 non-arc rows in MessagesFile09529.csv. | Test reader warning: Skipped 1 non-arc rows in MessagesFile09530.csv. | Test reader warning: Skipped 1 non-arc rows in MessagesFile09531.csv. | Test reader warning: Skipped 1 non-arc rows in MessagesFile09532.csv. | Test reader warning: Skipped 1 non-arc rows in MessagesFile09533.csv. | Test reader warning: Skipped 1 non-arc rows in MessagesFile09534.csv. | Test reader warning: Skipped 1 non-arc rows in MessagesFile09535.csv. | Test reader warning: Skipped 1 non-arc rows in MessagesFile09536.csv. | Test reader warning: Skipped 1 non-arc rows in MessagesFile09537.csv. | Test reader warning: Skipped 1 non-arc rows in MessagesFile09538.csv. | Test reader warning: Skipped 1 non-arc rows in MessagesFile09539.csv. | Test reader warning: Skipped 1 non-arc rows in MessagesFile09540.csv. | Test reader warning: Skipped 1 non-arc rows in MessagesFile09541.csv. | Test reader warning: Skipped 1 non-arc rows in MessagesFile09542.csv. | Test reader warning: Skipped 1 non-arc rows in MessagesFile09543.csv. | Test reader warning: Skipped 1 non-arc rows in MessagesFile09544.csv. | Test reader warning: No arcs parsed from MessagesFile09545.csv. | Test reader warning: Skipped 1 non-arc rows in MessagesFile09545.csv. | Test reader warning: Skipped 1 non-arc rows in MessagesFile09546.csv. | Test reader warning: Skipped 1 non-arc rows in MessagesFile09547.csv. | Test reader warning: Skipped 1 non-arc rows in MessagesFile09548.csv. | Test reader warning: Skipped 1 non-arc rows in MessagesFile09549.csv. | Test reader warning: Skipped 1 non-arc rows in MessagesFile09550.csv. | Test reader warning: Skipped 1 non-arc rows in MessagesFile09551.csv. | Test reader warning: Skipped 1 non-arc rows in MessagesFile09552.csv. | Test reader warning: Skipped 1 non-arc rows in MessagesFile09553.csv. | Test reader warning: Skipped 1 non-arc rows in MessagesFile09554.csv. | Test reader warning: Skipped 1 non-arc rows in MessagesFile09555.csv. | Test reader warning: Skipped 1 non-arc rows in MessagesFile09556.csv. | Test reader warning: Skipped 1 non-arc rows in MessagesFile09557.csv. | Test reader warning: Skipped 1 non-arc rows in MessagesFile09558.csv. | Test reader warning: Skipped 1 non-arc rows in MessagesFile09559.csv. | Test reader warning: Skipped 1 non-arc rows in MessagesFile09560.csv. | Test reader warning: Skipped 1 non-arc rows in MessagesFile09561.csv. | Test reader warning: Skipped 1 non-arc rows in MessagesFile09562.csv. | Test reader warning: Skipped 1 non-arc rows in MessagesFile09563.csv. | Test reader warning: Skipped 1 non-arc rows in MessagesFile09564.csv. | Test reader warning: Skipped 1 non-arc rows in MessagesFile09565.csv. | Test reader warning: Skipped 1 non-arc rows in MessagesFile09566.csv. | Test reader warning: Skipped 1 non-arc rows in MessagesFile09567.csv. | Test reader warning: Skipped 1 non-arc rows in MessagesFile09568.csv. | Test reader warning: Skipped 1 non-arc rows in MessagesFile09569.csv. | Test reader warning: Skipped 1 non-arc rows in MessagesFile09570.csv. | Test reader warning: Skipped 1 non-arc rows in MessagesFile09571.csv. | Test reader warning: Skipped 1 non-arc rows in MessagesFile09572.csv. | Test reader warning: No arcs parsed from MessagesFile09573.csv. | Test reader warning: Skipped 1 non-arc rows in MessagesFile09573.csv. | Test reader warning: Skipped 1 non-arc rows in MessagesFile09574.csv. | Test reader warning: Skipped 1 non-arc rows in MessagesFile09575.csv. | Test reader warning: Skipped 1 non-arc rows in MessagesFile09576.csv. | Test reader warning: Skipped 1 non-arc rows in MessagesFile09577.csv. | Test reader warning: Skipped 1 non-arc rows in MessagesFile09578.csv. | Test reader warning: Skipped 1 non-arc rows in MessagesFile09579.csv. | Test reader warning: Skipped 1 non-arc rows in MessagesFile09580.csv. | Test reader warning: Skipped 1 non-arc rows in MessagesFile09581.csv. | Test reader warning: Skipped 1 non-arc rows in MessagesFile09582.csv. | Test reader warning: Skipped 1 non-arc rows in MessagesFile09583.csv. | Test reader warning: Skipped 1 non-arc rows in MessagesFile09584.csv. | Test reader warning: Skipped 1 non-arc rows in MessagesFile09585.csv. | Test reader warning: Skipped 1 non-arc rows in MessagesFile09586.csv. | Test reader warning: Skipped 1 non-arc rows in MessagesFile09587.csv. | Test reader warning: Skipped 1 non-arc rows in MessagesFile09588.csv. | Test reader warning: Skipped 1 non-arc rows in MessagesFile09589.csv. | Test reader warning: Skipped 1 non-arc rows in MessagesFile09590.csv. | Test reader warning: Skipped 1 non-arc rows in MessagesFile09591.csv. | Test reader warning: Skipped 1 non-arc rows in MessagesFile09592.csv. | Test reader warning: Skipped 1 non-arc rows in MessagesFile09593.csv. | Test reader warning: Skipped 1 non-arc rows in MessagesFile09594.csv. | Test reader warning: Skipped 1 non-arc rows in MessagesFile09595.csv. | Test reader warning: Skipped 1 non-arc rows in MessagesFile09596.csv. | Test reader warning: Skipped 1 non-arc rows in MessagesFile09597.csv. | Test reader warning: Skipped 1 non-arc rows in MessagesFile09598.csv. | Test reader warning: Skipped 1 non-arc rows in MessagesFile09599.csv. | Test reader warning: Skipped 1 non-arc rows in MessagesFile09600.csv. | Test reader warning: Skipped 1 non-arc rows in MessagesFile09601.csv. | Test reader warning: Skipped 1 non-arc rows in MessagesFile09602.csv. | Test reader warning: Skipped 1 non-arc rows in MessagesFile09603.csv. | Test reader warning: Skipped 1 non-arc rows in MessagesFile09604.csv. | Test reader warning: Skipped 1 non-arc rows in MessagesFile09605.csv. | Test reader warning: Skipped 1 non-arc rows in MessagesFile09606.csv. | Test reader warning: Skipped 1 non-arc rows in MessagesFile09607.csv. | Test reader warning: Skipped 1 non-arc rows in MessagesFile09608.csv. | Test reader warning: Skipped 1 non-arc rows in MessagesFile09609.csv. | Test reader warning: Skipped 1 non-arc rows in MessagesFile09610.csv. | Test reader warning: Skipped 1 non-arc rows in MessagesFile09611.csv. | Test reader warning: Skipped 1 non-arc rows in MessagesFile09612.csv. | Test reader warning: Skipped 1 non-arc rows in MessagesFile09613.csv. | Test reader warning: Skipped 1 non-arc rows in MessagesFile09614.csv. | Test reader warning: Skipped 1 non-arc rows in MessagesFile09615.csv. | Test reader warning: Skipped 1 non-arc rows in MessagesFile09616.csv. | Test reader warning: Skipped 1 non-arc rows in MessagesFile09617.csv. | Test reader warning: Skipped 1 non-arc rows in MessagesFile09618.csv. | Test reader warning: Skipped 1 non-arc rows in MessagesFile09619.csv. | Test reader warning: Skipped 1 non-arc rows in MessagesFile09620.csv. | Test reader warning: Skipped 1 non-arc rows in MessagesFile09621.csv. | Test reader warning: Skipped 1 non-arc rows in MessagesFile09622.csv. | Test reader warning: Skipped 1 non-arc rows in MessagesFile09623.csv. | Test reader warning: Skipped 1 non-arc rows in MessagesFile09624.csv. | Test reader warning: Skipped 1 non-arc rows in MessagesFile09625.csv. | Test reader warning: Skipped 1 non-arc rows in MessagesFile09626.csv. | Test reader warning: Skipped 1 non-arc rows in MessagesFile09627.csv. | Test reader warning: Skipped 1 non-arc rows in MessagesFile09628.csv. | Test reader warning: Skipped 1 non-arc rows in MessagesFile09629.csv. | Test reader warning: Skipped 1 non-arc rows in MessagesFile09630.csv. | Test reader warning: Skipped 1 non-arc rows in MessagesFile09631.csv. | Test reader warning: Skipped 1 non-arc rows in MessagesFile09632.csv. | Test reader warning: Skipped 1 non-arc rows in MessagesFile09633.csv. | Test reader warning: Skipped 1 non-arc rows in MessagesFile09634.csv. | Test reader warning: Skipped 1 non-arc rows in MessagesFile09635.csv. | Test reader warning: Skipped 1 non-arc rows in MessagesFile09636.csv. | Test reader warning: No arcs parsed from MessagesFile09637.csv. | Test reader warning: Skipped 1 non-arc rows in MessagesFile09637.csv. | Test reader warning: Skipped 1 non-arc rows in MessagesFile09638.csv. | Test reader warning: Skipped 1 non-arc rows in MessagesFile09639.csv. | Test reader warning: Skipped 1 non-arc rows in MessagesFile09640.csv. | Test reader warning: Skipped 1 non-arc rows in MessagesFile09641.csv. | Test reader warning: Skipped 1 non-arc rows in MessagesFile09642.csv. | Test reader warning: Skipped 1 non-arc rows in MessagesFile09643.csv. | Test reader warning: Skipped 1 non-arc rows in MessagesFile09644.csv. | Test reader warning: Skipped 1 non-arc rows in MessagesFile09645.csv. | Test reader warning: Skipped 1 non-arc rows in MessagesFile09646.csv. | Test reader warning: Skipped 1 non-arc rows in MessagesFile09647.csv. | Test reader warning: Skipped 1 non-arc rows in MessagesFile09648.csv. | Test reader warning: Skipped 1 non-arc rows in MessagesFile09649.csv. | Test reader warning: Skipped 1 non-arc rows in MessagesFile09650.csv. | Test reader warning: Skipped 1 non-arc rows in MessagesFile09651.csv. | Test reader warning: Skipped 1 non-arc rows in MessagesFile09652.csv. | Test reader warning: Skipped 1 non-arc rows in MessagesFile09653.csv. | Test reader warning: Skipped 1 non-arc rows in MessagesFile09654.csv. | Test reader warning: Skipped 1 non-arc rows in MessagesFile09655.csv. | Test reader warning: Skipped 1 non-arc rows in MessagesFile09656.csv. | Test reader warning: Skipped 1 non-arc rows in MessagesFile09657.csv. | Test reader warning: Skipped 1 non-arc rows in MessagesFile09658.csv. | Test reader warning: Skipped 1 non-arc rows in MessagesFile09659.csv. | Test reader warning: Skipped 1 non-arc rows in MessagesFile09660.csv. | Test reader warning: Skipped 1 non-arc rows in MessagesFile09661.csv. | Test reader warning: Skipped 1 non-arc rows in MessagesFile09662.csv. | Test reader warning: Skipped 1 non-arc rows in MessagesFile09663.csv. | Test reader warning: Skipped 1 non-arc rows in MessagesFile09664.csv. | Test reader warning: Skipped 1 non-arc rows in MessagesFile09665.csv. | Test reader warning: Skipped 1 non-arc rows in MessagesFile09666.csv. | Test reader warning: Skipped 1 non-arc rows in MessagesFile09667.csv. | Test reader warning: Skipped 1 non-arc rows in MessagesFile09668.csv. | Test reader warning: Skipped 1 non-arc rows in MessagesFile09669.csv. | Test reader warning: Skipped 1 non-arc rows in MessagesFile09670.csv. | Test reader warning: No arcs parsed from MessagesFile09671.csv. | Test reader warning: Skipped 1 non-arc rows in MessagesFile09671.csv. | Test reader warning: Skipped 1 non-arc rows in MessagesFile09672.csv. | Test reader warning: Skipped 1 non-arc rows in MessagesFile09673.csv. | Test reader warning: Skipped 1 non-arc rows in MessagesFile09674.csv. | Test reader warning: Skipped 1 non-arc rows in MessagesFile09675.csv. | Test reader warning: Skipped 1 non-arc rows in MessagesFile09676.csv. | Test reader warning: Skipped 1 non-arc rows in MessagesFile09677.csv. | Test reader warning: Skipped 1 non-arc rows in MessagesFile09678.csv. | Test reader warning: Skipped 1 non-arc rows in MessagesFile09679.csv. | Test reader warning: Skipped 1 non-arc rows in MessagesFile09680.csv. | Test reader warning: Skipped 1 non-arc rows in MessagesFile09681.csv. | Test reader warning: Skipped 1 non-arc rows in MessagesFile09682.csv. | Test reader warning: Skipped 1 non-arc rows in MessagesFile09683.csv. | Test reader warning: Skipped 1 non-arc rows in MessagesFile09684.csv. | Test reader warning: Skipped 1 non-arc rows in MessagesFile09685.csv. | Test reader warning: Skipped 1 non-arc rows in MessagesFile09686.csv. | Test reader warning: Skipped 1 non-arc rows in MessagesFile09687.csv. | Test reader warning: Skipped 1 non-arc rows in MessagesFile09688.csv. | Test reader warning: Skipped 1 non-arc rows in MessagesFile09689.csv. | Test reader warning: Skipped 1 non-arc rows in MessagesFile09690.csv. | Test reader warning: Skipped 1 non-arc rows in MessagesFile09691.csv. | Test reader warning: Skipped 1 non-arc rows in MessagesFile09692.csv. | Test reader warning: Skipped 1 non-arc rows in MessagesFile09693.csv. | Test reader warning: Skipped 1 non-arc rows in MessagesFile09694.csv. | Test reader warning: Skipped 1 non-arc rows in MessagesFile09695.csv. | Test reader warning: Skipped 1 non-arc rows in MessagesFile09696.csv. | Test reader warning: Skipped 1 non-arc rows in MessagesFile09697.csv. | Test reader warning: Skipped 1 non-arc rows in MessagesFile09698.csv. | Test reader warning: Skipped 1 non-arc rows in MessagesFile09699.csv. | Test reader warning: Skipped 1 non-arc rows in MessagesFile09700.csv. | Test reader warning: Skipped 1 non-arc rows in MessagesFile09701.csv. | Test reader warning: Skipped 1 non-arc rows in MessagesFile09702.csv. | Test reader warning: Skipped 1 non-arc rows in MessagesFile09703.csv. | Test reader warning: Skipped 1 non-arc rows in MessagesFile09704.csv. | Test reader warning: Skipped 1 non-arc rows in MessagesFile09705.csv. | Test reader warning: Skipped 1 non-arc rows in MessagesFile09706.csv. | Test reader warning: Skipped 1 non-arc rows in MessagesFile09707.csv. | Test reader warning: Skipped 1 non-arc rows in MessagesFile09708.csv. | Test reader warning: Skipped 1 non-arc rows in MessagesFile09709.csv. | Test reader warning: Skipped 1 non-arc rows in MessagesFile09710.csv. | Test reader warning: Skipped 1 non-arc rows in MessagesFile09711.csv. | Test reader warning: Skipped 1 non-arc rows in MessagesFile09712.csv. | Test reader warning: Skipped 1 non-arc rows in MessagesFile09713.csv. | Test reader warning: Skipped 1 non-arc rows in MessagesFile09714.csv. | Test reader warning: Skipped 1 non-arc rows in MessagesFile09715.csv. | Test reader warning: Skipped 1 non-arc rows in MessagesFile09716.csv. | Test reader warning: Skipped 1 non-arc rows in MessagesFile09717.csv. | Test reader warning: Skipped 1 non-arc rows in MessagesFile09718.csv. | Test reader warning: Skipped 1 non-arc rows in MessagesFile09719.csv. | Test reader warning: Skipped 1 non-arc rows in MessagesFile09720.csv. | Test reader warning: Skipped 1 non-arc rows in MessagesFile09721.csv. | Test reader warning: Skipped 1 non-arc rows in MessagesFile09722.csv. | Test reader warning: Skipped 1 non-arc rows in MessagesFile09723.csv. | Test reader warning: Skipped 1 non-arc rows in MessagesFile09724.csv. | Test reader warning: Skipped 1 non-arc rows in MessagesFile09725.csv. | Test reader warning: Skipped 1 non-arc rows in MessagesFile09726.csv. | Test reader warning: Skipped 1 non-arc rows in MessagesFile09727.csv. | Test reader warning: Skipped 1 non-arc rows in MessagesFile09728.csv. | Test reader warning: Skipped 1 non-arc rows in MessagesFile09729.csv. | Test reader warning: Skipped 1 non-arc rows in MessagesFile09730.csv. | Test reader warning: Skipped 1 non-arc rows in MessagesFile09731.csv. | Test reader warning: Skipped 1 non-arc rows in MessagesFile09732.csv. | Test reader warning: Skipped 1 non-arc rows in MessagesFile09733.csv. | Test reader warning: Skipped 1 non-arc rows in MessagesFile09734.csv. | Test reader warning: Skipped 1 non-arc rows in MessagesFile09735.csv. | Test reader warning: Skipped 1 non-arc rows in MessagesFile09736.csv. | Test reader warning: Skipped 1 non-arc rows in MessagesFile09737.csv. | Test reader warning: Skipped 1 non-arc rows in MessagesFile09738.csv. | Test reader warning: Skipped 1 non-arc rows in MessagesFile09739.csv. | Test reader warning: Skipped 1 non-arc rows in MessagesFile09740.csv. | Test reader warning: Skipped 1 non-arc rows in MessagesFile09741.csv. | Test reader warning: Skipped 1 non-arc rows in MessagesFile09742.csv. | Test reader warning: Skipped 1 non-arc rows in MessagesFile09743.csv. | Test reader warning: Skipped 1 non-arc rows in MessagesFile09744.csv. | Test reader warning: Skipped 1 non-arc rows in MessagesFile09745.csv. | Test reader warning: Skipped 1 non-arc rows in MessagesFile09746.csv. | Test reader warning: Skipped 1 non-arc rows in MessagesFile09747.csv. | Test reader warning: Skipped 1 non-arc rows in MessagesFile09748.csv. | Test reader warning: Skipped 1 non-arc rows in MessagesFile09749.csv. | Test reader warning: Skipped 1 non-arc rows in MessagesFile09750.csv. | Test reader warning: Skipped 1 non-arc rows in MessagesFile09751.csv. | Test reader warning: Skipped 1 non-arc rows in MessagesFile09752.csv. | Test reader warning: Skipped 1 non-arc rows in MessagesFile09753.csv. | Test reader warning: Skipped 1 non-arc rows in MessagesFile09754.csv. | Test reader warning: Skipped 1 non-arc rows in MessagesFile09755.csv. | Test reader warning: Skipped 1 non-arc rows in MessagesFile09756.csv. | Test reader warning: Skipped 1 non-arc rows in MessagesFile09757.csv. | Test reader warning: Skipped 1 non-arc rows in MessagesFile09758.csv. | Test reader warning: Skipped 1 non-arc rows in MessagesFile09759.csv. | Test reader warning: Skipped 1 non-arc rows in MessagesFile09760.csv. | Test reader warning: Skipped 1 non-arc rows in MessagesFile09761.csv. | Test reader warning: Skipped 1 non-arc rows in MessagesFile09762.csv. | Test reader warning: Skipped 1 non-arc rows in MessagesFile09763.csv. | Test reader warning: Skipped 1 non-arc rows in MessagesFile09764.csv. | Test reader warning: Skipped 1 non-arc rows in MessagesFile09765.csv. | Test reader warning: Skipped 1 non-arc rows in MessagesFile09766.csv. | Test reader warning: Skipped 1 non-arc rows in MessagesFile09767.csv. | Test reader warning: Skipped 1 non-arc rows in MessagesFile09768.csv. | Test reader warning: Skipped 1 non-arc rows in MessagesFile09769.csv. | Test reader warning: Skipped 1 non-arc rows in MessagesFile09770.csv. | Test reader warning: Skipped 1 non-arc rows in MessagesFile09771.csv. | Test reader warning: Skipped 1 non-arc rows in MessagesFile09772.csv. | Test reader warning: Skipped 1 non-arc rows in MessagesFile09773.csv. | Test reader warning: Skipped 1 non-arc rows in MessagesFile09774.csv. | Test reader warning: Skipped 1 non-arc rows in MessagesFile09775.csv. | Test reader warning: Skipped 1 non-arc rows in MessagesFile09776.csv. | Test reader warning: Skipped 1 non-arc rows in MessagesFile09777.csv. | Test reader warning: Skipped 1 non-arc rows in MessagesFile09778.csv. | Test reader warning: Skipped 1 non-arc rows in MessagesFile09779.csv. | Test reader warning: Skipped 1 non-arc rows in MessagesFile09780.csv. | Test reader warning: Skipped 1 non-arc rows in MessagesFile09781.csv. | Test reader warning: Skipped 1 non-arc rows in MessagesFile09782.csv. | Test reader warning: Skipped 1 non-arc rows in MessagesFile09783.csv. | Test reader warning: Skipped 1 non-arc rows in MessagesFile09784.csv. | Test reader warning: Skipped 1 non-arc rows in MessagesFile09785.csv. | Test reader warning: Skipped 1 non-arc rows in MessagesFile09786.csv. | Test reader warning: Skipped 1 non-arc rows in MessagesFile09787.csv. | Test reader warning: Skipped 1 non-arc rows in MessagesFile09788.csv. | Test reader warning: Skipped 1 non-arc rows in MessagesFile09789.csv. | Test reader warning: Skipped 1 non-arc rows in MessagesFile09790.csv. | Test reader warning: Skipped 1 non-arc rows in MessagesFile09791.csv. | Test reader warning: Skipped 1 non-arc rows in MessagesFile09792.csv. | Test reader warning: Skipped 1 non-arc rows in MessagesFile09793.csv. | Test reader warning: No arcs parsed from MessagesFile09794.csv. | Test reader warning: Skipped 1 non-arc rows in MessagesFile09794.csv. | Test reader warning: Skipped 1 non-arc rows in MessagesFile09795.csv. | Test reader warning: Skipped 1 non-arc rows in MessagesFile09796.csv. | Test reader warning: Skipped 1 non-arc rows in MessagesFile09797.csv. | Test reader warning: Skipped 1 non-arc rows in MessagesFile09798.csv. | Test reader warning: Skipped 1 non-arc rows in MessagesFile09799.csv. | Test reader warning: Skipped 1 non-arc rows in MessagesFile09800.csv. | Test reader warning: Skipped 1 non-arc rows in MessagesFile09801.csv. | Test reader warning: Skipped 1 non-arc rows in MessagesFile09802.csv. | Test reader warning: Skipped 1 non-arc rows in MessagesFile09803.csv. | Test reader warning: Skipped 1 non-arc rows in MessagesFile09804.csv. | Test reader warning: Skipped 1 non-arc rows in MessagesFile09805.csv. | Test reader warning: Skipped 1 non-arc rows in MessagesFile09806.csv. | Test reader warning: Skipped 1 non-arc rows in MessagesFile09807.csv. | Test reader warning: Skipped 1 non-arc rows in MessagesFile09808.csv. | Test reader warning: Skipped 1 non-arc rows in MessagesFile09809.csv. | Test reader warning: Skipped 1 non-arc rows in MessagesFile09810.csv. | Test reader warning: Skipped 1 non-arc rows in MessagesFile09811.csv. | Test reader warning: Skipped 1 non-arc rows in MessagesFile09812.csv. | Test reader warning: Skipped 1 non-arc rows in MessagesFile09813.csv. | Test reader warning: Skipped 1 non-arc rows in MessagesFile09814.csv. | Test reader warning: Skipped 1 non-arc rows in MessagesFile09815.csv. | Test reader warning: Skipped 1 non-arc rows in MessagesFile09816.csv. | Test reader warning: Skipped 1 non-arc rows in MessagesFile09817.csv. | Test reader warning: Skipped 1 non-arc rows in MessagesFile09818.csv. | Test reader warning: Skipped 1 non-arc rows in MessagesFile09819.csv. | Test reader warning: Skipped 1 non-arc rows in MessagesFile09820.csv. | Test reader warning: Skipped 1 non-arc rows in MessagesFile09821.csv. | Test reader warning: Skipped 1 non-arc rows in MessagesFile09822.csv. | Test reader warning: Skipped 1 non-arc rows in MessagesFile09823.csv. | Test reader warning: Skipped 1 non-arc rows in MessagesFile09824.csv. | Test reader warning: Skipped 1 non-arc rows in MessagesFile09825.csv. | Test reader warning: Skipped 1 non-arc rows in MessagesFile09826.csv. | Test reader warning: Skipped 1 non-arc rows in MessagesFile09827.csv. | Test reader warning: Skipped 1 non-arc rows in MessagesFile09828.csv. | Test reader warning: Skipped 1 non-arc rows in MessagesFile09829.csv. | Test reader warning: Skipped 1 non-arc rows in MessagesFile09830.csv. | Test reader warning: Skipped 1 non-arc rows in MessagesFile09831.csv. | Test reader warning: Skipped 1 non-arc rows in MessagesFile09832.csv. | Test reader warning: Skipped 1 non-arc rows in MessagesFile09833.csv. | Test reader warning: Skipped 1 non-arc rows in MessagesFile09834.csv. | Test reader warning: Skipped 1 non-arc rows in MessagesFile09835.csv. | Test reader warning: Skipped 1 non-arc rows in MessagesFile09836.csv. | Test reader warning: Skipped 1 non-arc rows in MessagesFile09837.csv. | Test reader warning: Skipped 1 non-arc rows in MessagesFile09838.csv. | Test reader warning: Skipped 1 non-arc rows in MessagesFile09839.csv. | Test reader warning: Skipped 1 non-arc rows in MessagesFile09840.csv. | Test reader warning: Skipped 1 non-arc rows in MessagesFile09841.csv. | Test reader warning: Skipped 1 non-arc rows in MessagesFile09842.csv. | Test reader warning: Skipped 1 non-arc rows in MessagesFile09843.csv. | Test reader warning: Skipped 1 non-arc rows in MessagesFile09844.csv. | Test reader warning: Skipped 1 non-arc rows in MessagesFile09845.csv. | Test reader warning: Skipped 1 non-arc rows in MessagesFile09846.csv. | Test reader warning: Skipped 1 non-arc rows in MessagesFile09847.csv. | Test reader warning: Skipped 1 non-arc rows in MessagesFile09848.csv. | Test reader warning: Skipped 1 non-arc rows in MessagesFile09849.csv. | Test reader warning: Skipped 1 non-arc rows in MessagesFile09850.csv. | Test reader warning: Skipped 1 non-arc rows in MessagesFile09851.csv. | Test reader warning: Skipped 1 non-arc rows in MessagesFile09852.csv. | Test reader warning: Skipped 1 non-arc rows in MessagesFile09853.csv. | Test reader warning: Skipped 1 non-arc rows in MessagesFile09854.csv. | Test reader warning: Skipped 1 non-arc rows in MessagesFile09855.csv. | Test reader warning: Skipped 1 non-arc rows in MessagesFile09856.csv. | Test reader warning: Skipped 1 non-arc rows in MessagesFile09857.csv. | Test reader warning: Skipped 1 non-arc rows in MessagesFile09858.csv. | Test reader warning: Skipped 1 non-arc rows in MessagesFile09859.csv. | Test reader warning: Skipped 1 non-arc rows in MessagesFile09860.csv. | Test reader warning: Skipped 1 non-arc rows in MessagesFile09861.csv. | Test reader warning: Skipped 1 non-arc rows in MessagesFile09862.csv. | Test reader warning: Skipped 1 non-arc rows in MessagesFile09863.csv. | Test reader warning: Skipped 1 non-arc rows in MessagesFile09864.csv. | Test reader warning: Skipped 1 non-arc rows in MessagesFile09865.csv. | Test reader warning: Skipped 1 non-arc rows in MessagesFile09866.csv. | Test reader warning: Skipped 1 non-arc rows in MessagesFile09867.csv. | Test reader warning: Skipped 1 non-arc rows in MessagesFile09868.csv. | Test reader warning: Skipped 1 non-arc rows in MessagesFile09869.csv. | Test reader warning: Skipped 1 non-arc rows in MessagesFile09870.csv. | Test reader warning: Skipped 1 non-arc rows in MessagesFile09871.csv. | Test reader warning: Skipped 1 non-arc rows in MessagesFile09872.csv. | Test reader warning: Skipped 1 non-arc rows in MessagesFile09873.csv. | Test reader warning: Skipped 1 non-arc rows in MessagesFile09874.csv. | Test reader warning: Skipped 1 non-arc rows in MessagesFile09875.csv. | Test reader warning: Skipped 1 non-arc rows in MessagesFile09876.csv. | Test reader warning: Skipped 1 non-arc rows in MessagesFile09877.csv. | Test reader warning: Skipped 1 non-arc rows in MessagesFile09878.csv. | Test reader warning: Skipped 1 non-arc rows in MessagesFile09879.csv. | Test reader warning: Skipped 1 non-arc rows in MessagesFile09880.csv. | Test reader warning: Skipped 1 non-arc rows in MessagesFile09881.csv. | Test reader warning: Skipped 1 non-arc rows in MessagesFile09882.csv. | Test reader warning: Skipped 1 non-arc rows in MessagesFile09883.csv. | Test reader warning: Skipped 1 non-arc rows in MessagesFile09884.csv. | Test reader warning: Skipped 1 non-arc rows in MessagesFile09885.csv. | Test reader warning: Skipped 1 non-arc rows in MessagesFile09886.csv. | Test reader warning: Skipped 1 non-arc rows in MessagesFile09887.csv. | Test reader warning: Skipped 1 non-arc rows in MessagesFile09888.csv. | Test reader warning: Skipped 1 non-arc rows in MessagesFile09889.csv. | Test reader warning: Skipped 1 non-arc rows in MessagesFile09890.csv. | Test reader warning: Skipped 1 non-arc rows in MessagesFile09891.csv. | Test reader warning: Skipped 1 non-arc rows in MessagesFile09892.csv. | Test reader warning: Skipped 1 non-arc rows in MessagesFile09893.csv. | Test reader warning: Skipped 1 non-arc rows in MessagesFile09894.csv. | Test reader warning: Skipped 1 non-arc rows in MessagesFile09895.csv. | Test reader warning: Skipped 1 non-arc rows in MessagesFile09896.csv. | Test reader warning: Skipped 1 non-arc rows in MessagesFile09897.csv. | Test reader warning: Skipped 1 non-arc rows in MessagesFile09898.csv. | Test reader warning: Skipped 1 non-arc rows in MessagesFile09899.csv. | Test reader warning: Skipped 1 non-arc rows in MessagesFile09900.csv. | Test reader warning: Skipped 1 non-arc rows in MessagesFile09901.csv. | Test reader warning: Skipped 1 non-arc rows in MessagesFile09902.csv. | Test reader warning: Skipped 1 non-arc rows in MessagesFile09903.csv. | Test reader warning: Skipped 1 non-arc rows in MessagesFile09904.csv. | Test reader warning: Skipped 1 non-arc rows in MessagesFile09905.csv. | Test reader warning: Skipped 1 non-arc rows in MessagesFile09906.csv. | Test reader warning: Skipped 1 non-arc rows in MessagesFile09907.csv. | Test reader warning: Skipped 1 non-arc rows in MessagesFile09908.csv. | Test reader warning: Skipped 1 non-arc rows in MessagesFile09909.csv. | Test reader warning: Skipped 1 non-arc rows in MessagesFile09910.csv. | Test reader warning: Skipped 1 non-arc rows in MessagesFile09911.csv. | Test reader warning: Skipped 1 non-arc rows in MessagesFile09912.csv. | Test reader warning: Skipped 1 non-arc rows in MessagesFile09913.csv. | Test reader warning: Skipped 1 non-arc rows in MessagesFile09914.csv. | Test reader warning: Skipped 1 non-arc rows in MessagesFile09915.csv. | Test reader warning: Skipped 1 non-arc rows in MessagesFile09916.csv. | Test reader warning: Skipped 1 non-arc rows in MessagesFile09917.csv. | Test reader warning: No arcs parsed from MessagesFile09918.csv. | Test reader warning: Skipped 1 non-arc rows in MessagesFile09918.csv. | Test reader warning: Skipped 1 non-arc rows in MessagesFile09919.csv. | Test reader warning: Skipped 1 non-arc rows in MessagesFile09920.csv. | Test reader warning: Skipped 1 non-arc rows in MessagesFile09921.csv. | Test reader warning: Skipped 1 non-arc rows in MessagesFile09922.csv. | Test reader warning: Skipped 1 non-arc rows in MessagesFile09923.csv. | Test reader warning: Skipped 1 non-arc rows in MessagesFile09924.csv. | Test reader warning: Skipped 1 non-arc rows in MessagesFile09925.csv. | Test reader warning: Skipped 1 non-arc rows in MessagesFile09926.csv. | Test reader warning: Skipped 1 non-arc rows in MessagesFile09927.csv. | Test reader warning: Skipped 1 non-arc rows in MessagesFile09928.csv. | Test reader warning: Skipped 1 non-arc rows in MessagesFile09929.csv. | Test reader warning: Skipped 1 non-arc rows in MessagesFile09930.csv. | Test reader warning: Skipped 1 non-arc rows in MessagesFile09931.csv. | Test reader warning: Skipped 1 non-arc rows in MessagesFile09932.csv. | Test reader warning: Skipped 1 non-arc rows in MessagesFile09933.csv. | Test reader warning: Skipped 1 non-arc rows in MessagesFile09934.csv. | Test reader warning: Skipped 1 non-arc rows in MessagesFile09935.csv. | Test reader warning: Skipped 1 non-arc rows in MessagesFile09936.csv. | Test reader warning: Skipped 1 non-arc rows in MessagesFile09937.csv. | Test reader warning: Skipped 1 non-arc rows in MessagesFile09938.csv. | Test reader warning: Skipped 1 non-arc rows in MessagesFile09939.csv. | Test reader warning: Skipped 1 non-arc rows in MessagesFile09940.csv. | Test reader warning: Skipped 1 non-arc rows in MessagesFile09941.csv. | Test reader warning: Skipped 1 non-arc rows in MessagesFile09942.csv. | Test reader warning: Skipped 1 non-arc rows in MessagesFile09943.csv. | Test reader warning: Skipped 1 non-arc rows in MessagesFile09944.csv. | Test reader warning: Skipped 1 non-arc rows in MessagesFile09945.csv. | Test reader warning: Skipped 1 non-arc rows in MessagesFile09946.csv. | Test reader warning: Skipped 1 non-arc rows in MessagesFile09947.csv. | Test reader warning: Skipped 1 non-arc rows in MessagesFile09948.csv. | Test reader warning: Skipped 1 non-arc rows in MessagesFile09949.csv. | Test reader warning: Skipped 1 non-arc rows in MessagesFile09950.csv. | Test reader warning: Skipped 1 non-arc rows in MessagesFile09951.csv. | Test reader warning: Skipped 1 non-arc rows in MessagesFile09952.csv. | Test reader warning: Skipped 1 non-arc rows in MessagesFile09953.csv. | Test reader warning: Skipped 1 non-arc rows in MessagesFile09954.csv. | Test reader warning: Skipped 1 non-arc rows in MessagesFile09955.csv. | Test reader warning: Skipped 1 non-arc rows in MessagesFile09956.csv. | Test reader warning: Skipped 1 non-arc rows in MessagesFile09957.csv. | Test reader warning: Skipped 1 non-arc rows in MessagesFile09958.csv. | Test reader warning: Skipped 1 non-arc rows in MessagesFile09959.csv. | Test reader warning: Skipped 1 non-arc rows in MessagesFile09960.csv. | Test reader warning: Skipped 1 non-arc rows in MessagesFile09961.csv. | Test reader warning: No arcs parsed from MessagesFile09962.csv. | Test reader warning: Skipped 1 non-arc rows in MessagesFile09962.csv. | Test reader warning: Skipped 1 non-arc rows in MessagesFile09963.csv. | Test reader warning: Skipped 1 non-arc rows in MessagesFile09964.csv. | Test reader warning: Skipped 1 non-arc rows in MessagesFile09965.csv. | Test reader warning: Skipped 1 non-arc rows in MessagesFile09966.csv. | Test reader warning: Skipped 1 non-arc rows in MessagesFile09967.csv. | Test reader warning: Skipped 1 non-arc rows in MessagesFile09968.csv. | Test reader warning: Skipped 1 non-arc rows in MessagesFile09969.csv. | Test reader warning: Skipped 1 non-arc rows in MessagesFile09970.csv. | Test reader warning: Skipped 1 non-arc rows in MessagesFile09971.csv. | Test reader warning: Skipped 1 non-arc rows in MessagesFile09972.csv. | Test reader warning: Skipped 1 non-arc rows in MessagesFile09973.csv. | Test reader warning: Skipped 1 non-arc rows in MessagesFile09974.csv. | Test reader warning: Skipped 1 non-arc rows in MessagesFile09975.csv. | Test reader warning: Skipped 1 non-arc rows in MessagesFile09976.csv. | Test reader warning: Skipped 1 non-arc rows in MessagesFile09977.csv. | Test reader warning: Skipped 1 non-arc rows in MessagesFile09978.csv. | Test reader warning: Skipped 1 non-arc rows in MessagesFile09979.csv. | Test reader warning: Skipped 1 non-arc rows in MessagesFile09980.csv. | Test reader warning: Skipped 1 non-arc rows in MessagesFile09981.csv. | Test reader warning: Skipped 1 non-arc rows in MessagesFile09982.csv. | Test reader warning: Skipped 1 non-arc rows in MessagesFile09983.csv. | Test reader warning: Skipped 1 non-arc rows in MessagesFile09984.csv. | Test reader warning: Skipped 1 non-arc rows in MessagesFile09985.csv. | Test reader warning: Skipped 1 non-arc rows in MessagesFile09986.csv. | Test reader warning: Skipped 1 non-arc rows in MessagesFile09987.csv. | Test reader warning: Skipped 1 non-arc rows in MessagesFile09988.csv. | Test reader warning: Skipped 1 non-arc rows in MessagesFile09989.csv. | Test reader warning: Skipped 1 non-arc rows in MessagesFile09990.csv. | Test reader warning: Skipped 1 non-arc rows in MessagesFile09991.csv. | Test reader warning: Skipped 1 non-arc rows in MessagesFile09992.csv. | Test reader warning: Skipped 1 non-arc rows in MessagesFile09993.csv. | Test reader warning: Skipped 1 non-arc rows in MessagesFile09994.csv. | Test reader warning: Skipped 1 non-arc rows in MessagesFile09995.csv. | Test reader warning: Skipped 1 non-arc rows in MessagesFile09996.csv. | Test reader warning: Skipped 1 non-arc rows in MessagesFile09997.csv. | Test reader warning: No arcs parsed from MessagesFile09998.csv. | Test reader warning: Skipped 1 non-arc rows in MessagesFile09998.csv. | Test reader warning: Skipped 1 non-arc rows in MessagesFile09999.csv. | Test reader warning: Skipped 1 non-arc rows in MessagesFile10000.csv. | Test scenarios were used only for out-of-sample evaluation.
