experiment_id,case_id,run_id,timestamp,landscape,method,alpha,budget,train_scenario_count,test_scenario_count,objective_metric,train_ids,test_ids,solver_status,objective_in_sample,best_bound,mip_gap,runtime_seconds,solver_status_code,explored_nodes,num_variables,num_constraints,solver_iterations,cuts_added,max_cut_violation,benders_iterations,benders_cuts_added,benders_final_max_cut_violation,benders_largest_intermediate_cut_violation,benders_termination_reason,benders_master_solve_time_sec,benders_subproblem_time_sec,benders_subproblems_solved,benders_average_subproblem_time_sec,benders_max_subproblem_time_sec,benders_use_lifted_lower_bounds,benders_lifted_lower_bound_count,benders_lifted_lower_bound_precompute_time_sec,branch_benders_lazy_cuts_added,branch_benders_candidate_incumbents_checked,branch_benders_max_cut_violation,branch_benders_candidate_callback_calls,branch_benders_subproblems_attempted,branch_benders_subproblems_solved,branch_benders_subproblem_time_sec,branch_benders_average_subproblem_time_sec,branch_benders_max_subproblem_time_sec,branch_benders_callback_time_sec,branch_benders_cut_construction_time_sec,branch_benders_lazy_cut_insertion_time_sec,branch_benders_violated_cuts,branch_benders_nonviolated_cuts,branch_benders_skipped_cuts,branch_benders_duplicate_cuts,combinatorial_benders_enabled,combinatorial_benders_lift_mode,combinatorial_benders_scenario_order,combinatorial_benders_cut_sampling_ratio,combinatorial_benders_fractional_separation_enabled,combinatorial_benders_initial_cuts_enabled,combinatorial_benders_integer_cuts_added,combinatorial_benders_fractional_cuts_added,combinatorial_benders_initial_cuts_added,combinatorial_benders_scenarios_checked,combinatorial_benders_separation_time_sec,combinatorial_benders_avg_paths_per_cut,combinatorial_benders_avg_cut_nonzeros,combinatorial_benders_num_violated_cuts,coverage_llbi_enabled,coverage_llbi_num_zeta_vars,coverage_llbi_num_constraints,coverage_llbi_precompute_time_sec,path_llbi_enabled,path_llbi_num_b_vars,path_llbi_num_path_constraints,path_llbi_num_paths_used,path_llbi_precompute_time_sec,projected_coverage_llbi_enabled,projected_path_llbi_enabled,projected_llbi_family,projected_llbi_strategy,projected_llbi_mode,projected_llbi_root_rounds,projected_llbi_cuts_added,projected_llbi_coverage_cuts_added,projected_llbi_path_cuts_added,projected_llbi_violated_cuts_found,projected_llbi_separation_time_sec,projected_llbi_solve_time_sec,projected_llbi_total_time_sec,projected_llbi_total_nonzeros,projected_llbi_avg_nonzeros_per_cut,projected_llbi_max_nonzeros_per_cut,projected_llbi_min_violation,projected_llbi_max_violation,projected_llbi_avg_violation,projected_llbi_root_bound_initial,projected_llbi_root_bound_final,projected_llbi_root_bound_improvement_abs,projected_llbi_root_bound_improvement_pct,projected_poly_candidate_cuts_generated,projected_poly_candidate_cuts_added,projected_poly_enumeration_truncated,projected_poly_enumeration_limit,projected_exp_separated_cuts_added,projected_exp_separation_rounds,projected_exp_candidate_cuts_generated,projected_exp_candidate_cuts_added,projected_exp_enumeration_truncated,projected_exp_enumeration_limit,global_dominance_enabled,global_dominance_candidates_removed,global_dominance_equivalence_classes,global_dominance_precompute_time_sec,conditional_zero_benefit_enabled,conditional_zero_benefit_fixings_attempted,conditional_zero_benefit_fixings_applied,conditional_zero_benefit_time_sec,branch_benders_use_root_user_cuts,branch_benders_root_user_cuts_added,branch_benders_root_user_cut_rounds,branch_benders_root_user_cut_max_violation,restricted_candidate_enabled,restricted_candidate_exact_mode,restricted_candidate_initial_active_count,restricted_candidate_final_active_count,restricted_candidate_final_active_fraction,restricted_candidate_eventually_activated_all,restricted_candidate_rounds,restricted_candidate_cut_pool_size,restricted_candidate_heuristic_mode_enabled,restricted_candidate_stopped_before_full_activation,restricted_candidate_global_optimality_certified,fpp_mode,formulation,dominator_cuts_enabled,separator_cuts_enabled,greedy_warm_start_enabled,local_search_enabled,compact_node_count,eligible_node_count,total_observed_scenario_nodes,total_scenario_arcs,separator_cuts_added,separator_min_cut_calls,separator_callback_invocations,separator_duplicate_cuts_skipped,separator_large_cuts_skipped,separator_time_sec,dominator_cuts_added,dominator_aggregate_cuts_added,dominator_individual_cuts_added,dominator_dag_scenarios,dominator_fallback_scenarios,dominator_preprocessing_time_sec,heuristic_time_sec,heuristic_objective,heuristic_exact_evaluations,heuristic_selected_count,evaluator_objective,evaluator_abs_diff,evaluator_rel_diff,validation_status,risk_measure,cvar_beta,cvar_lambda,train_cvar_burned_area,test_cvar_burned_area,selected_firebreaks,warm_start_used,mip_start_accepted,warm_start_source,warm_start_valid_nodes,warm_start_ignored_nodes,warm_start_notes,train_expected_burned_area,train_worst_10pct_burned_area,test_expected_burned_area,test_worst_10pct_burned_area,train_evaluation_runtime_seconds,test_evaluation_runtime_seconds,test_scenario_loading_runtime_seconds,train_graph_classification_ratios,test_graph_classification_ratios,graph_type_note,notes
,-1,new40x40_case01_train200_test1000_alpha0p02_fpp_branch_benders_cvar_projectedpathllbi_exp_rootcuts,2026-07-04T11:26:38Z,new40x40,FPP-Branch-Benders-CVaR-ProjectedPathLLBI-exp-RootCuts,0.02000000,32,200,1000,cvar_burned_area_beta_0.9,227;401;423;425;450;509;523;536;625;626;627;648;650;685;776;817;878;922;976;1033;1102;1186;1279;1325;1345;1351;1370;1376;1377;1432;1518;1550;1565;1651;1812;1820;1832;1851;1870;1951;1987;2003;2007;2024;2070;2091;2093;2124;2143;2153;2171;2238;2240;2282;2369;2508;2568;2640;2683;2689;2697;2739;2750;2752;2819;2846;2908;2934;2949;3012;3090;3163;3207;3291;3299;3338;3353;3387;3432;3444;3445;3463;3475;3523;3541;3595;3638;3695;3730;3759;3832;3846;3894;3989;3998;4003;4014;4070;4150;4481;4488;4496;4509;4515;4623;4675;4701;4770;4772;4796;4979;4980;5032;5127;5161;5202;5221;5247;5299;5305;5318;5351;5431;5487;5748;5812;5825;5881;5917;5965;6026;6142;6235;6239;6307;6446;6511;6580;6588;6662;6750;6758;6787;6798;6822;6931;6966;7090;7115;7163;7208;7264;7336;7383;7384;7392;7410;7421;7505;7518;7557;7580;7662;7694;7828;7843;7904;8009;8077;8079;8118;8181;8186;8244;8254;8291;8296;8309;8325;8331;8348;8350;8372;8402;8442;8466;8506;8518;8530;8550;8576;8599;8663;8675;8743;8774;8900;8909;8944;8998,9001;9002;9003;9004;9005;9006;9007;9008;9009;9010;9011;9012;9013;9014;9015;9016;9017;9018;9019;9020;9021;9022;9023;9024;9025;9026;9027;9028;9029;9030;9031;9032;9033;9034;9035;9036;9037;9038;9039;9040;9041;9042;9043;9044;9045;9046;9047;9048;9049;9050;9051;9052;9053;9054;9055;9056;9057;9058;9059;9060;9061;9062;9063;9064;9065;9066;9067;9068;9069;9070;9071;9072;9073;9074;9075;9076;9077;9078;9079;9080;9081;9082;9083;9084;9085;9086;9087;9088;9089;9090;9091;9092;9093;9094;9095;9096;9097;9098;9099;9100;9101;9102;9103;9104;9105;9106;9107;9108;9109;9110;9111;9112;9113;9114;9115;9116;9117;9118;9119;9120;9121;9122;9123;9124;9125;9126;9127;9128;9129;9130;9131;9132;9133;9134;9135;9136;9137;9138;9139;9140;9141;9142;9143;9144;9145;9146;9147;9148;9149;9150;9151;9152;9153;9154;9155;9156;9157;9158;9159;9160;9161;9162;9163;9164;9165;9166;9167;9168;9169;9170;9171;9172;9173;9174;9175;9176;9177;9178;9179;9180;9181;9182;9183;9184;9185;9186;9187;9188;9189;9190;9191;9192;9193;9194;9195;9196;9197;9198;9199;9200;9201;9202;9203;9204;9205;9206;9207;9208;9209;9210;9211;9212;9213;9214;9215;9216;9217;9218;9219;9220;9221;9222;9223;9224;9225;9226;9227;9228;9229;9230;9231;9232;9233;9234;9235;9236;9237;9238;9239;9240;9241;9242;9243;9244;9245;9246;9247;9248;9249;9250;9251;9252;9253;9254;9255;9256;9257;9258;9259;9260;9261;9262;9263;9264;9265;9266;9267;9268;9269;9270;9271;9272;9273;9274;9275;9276;9277;9278;9279;9280;9281;9282;9283;9284;9285;9286;9287;9288;9289;9290;9291;9292;9293;9294;9295;9296;9297;9298;9299;9300;9301;9302;9303;9304;9305;9306;9307;9308;9309;9310;9311;9312;9313;9314;9315;9316;9317;9318;9319;9320;9321;9322;9323;9324;9325;9326;9327;9328;9329;9330;9331;9332;9333;9334;9335;9336;9337;9338;9339;9340;9341;9342;9343;9344;9345;9346;9347;9348;9349;9350;9351;9352;9353;9354;9355;9356;9357;9358;9359;9360;9361;9362;9363;9364;9365;9366;9367;9368;9369;9370;9371;9372;9373;9374;9375;9376;9377;9378;9379;9380;9381;9382;9383;9384;9385;9386;9387;9388;9389;9390;9391;9392;9393;9394;9395;9396;9397;9398;9399;9400;9401;9402;9403;9404;9405;9406;9407;9408;9409;9410;9411;9412;9413;9414;9415;9416;9417;9418;9419;9420;9421;9422;9423;9424;9425;9426;9427;9428;9429;9430;9431;9432;9433;9434;9435;9436;9437;9438;9439;9440;9441;9442;9443;9444;9445;9446;9447;9448;9449;9450;9451;9452;9453;9454;9455;9456;9457;9458;9459;9460;9461;9462;9463;9464;9465;9466;9467;9468;9469;9470;9471;9472;9473;9474;9475;9476;9477;9478;9479;9480;9481;9482;9483;9484;9485;9486;9487;9488;9489;9490;9491;9492;9493;9494;9495;9496;9497;9498;9499;9500;9501;9502;9503;9504;9505;9506;9507;9508;9509;9510;9511;9512;9513;9514;9515;9516;9517;9518;9519;9520;9521;9522;9523;9524;9525;9526;9527;9528;9529;9530;9531;9532;9533;9534;9535;9536;9537;9538;9539;9540;9541;9542;9543;9544;9545;9546;9547;9548;9549;9550;9551;9552;9553;9554;9555;9556;9557;9558;9559;9560;9561;9562;9563;9564;9565;9566;9567;9568;9569;9570;9571;9572;9573;9574;9575;9576;9577;9578;9579;9580;9581;9582;9583;9584;9585;9586;9587;9588;9589;9590;9591;9592;9593;9594;9595;9596;9597;9598;9599;9600;9601;9602;9603;9604;9605;9606;9607;9608;9609;9610;9611;9612;9613;9614;9615;9616;9617;9618;9619;9620;9621;9622;9623;9624;9625;9626;9627;9628;9629;9630;9631;9632;9633;9634;9635;9636;9637;9638;9639;9640;9641;9642;9643;9644;9645;9646;9647;9648;9649;9650;9651;9652;9653;9654;9655;9656;9657;9658;9659;9660;9661;9662;9663;9664;9665;9666;9667;9668;9669;9670;9671;9672;9673;9674;9675;9676;9677;9678;9679;9680;9681;9682;9683;9684;9685;9686;9687;9688;9689;9690;9691;9692;9693;9694;9695;9696;9697;9698;9699;9700;9701;9702;9703;9704;9705;9706;9707;9708;9709;9710;9711;9712;9713;9714;9715;9716;9717;9718;9719;9720;9721;9722;9723;9724;9725;9726;9727;9728;9729;9730;9731;9732;9733;9734;9735;9736;9737;9738;9739;9740;9741;9742;9743;9744;9745;9746;9747;9748;9749;9750;9751;9752;9753;9754;9755;9756;9757;9758;9759;9760;9761;9762;9763;9764;9765;9766;9767;9768;9769;9770;9771;9772;9773;9774;9775;9776;9777;9778;9779;9780;9781;9782;9783;9784;9785;9786;9787;9788;9789;9790;9791;9792;9793;9794;9795;9796;9797;9798;9799;9800;9801;9802;9803;9804;9805;9806;9807;9808;9809;9810;9811;9812;9813;9814;9815;9816;9817;9818;9819;9820;9821;9822;9823;9824;9825;9826;9827;9828;9829;9830;9831;9832;9833;9834;9835;9836;9837;9838;9839;9840;9841;9842;9843;9844;9845;9846;9847;9848;9849;9850;9851;9852;9853;9854;9855;9856;9857;9858;9859;9860;9861;9862;9863;9864;9865;9866;9867;9868;9869;9870;9871;9872;9873;9874;9875;9876;9877;9878;9879;9880;9881;9882;9883;9884;9885;9886;9887;9888;9889;9890;9891;9892;9893;9894;9895;9896;9897;9898;9899;9900;9901;9902;9903;9904;9905;9906;9907;9908;9909;9910;9911;9912;9913;9914;9915;9916;9917;9918;9919;9920;9921;9922;9923;9924;9925;9926;9927;9928;9929;9930;9931;9932;9933;9934;9935;9936;9937;9938;9939;9940;9941;9942;9943;9944;9945;9946;9947;9948;9949;9950;9951;9952;9953;9954;9955;9956;9957;9958;9959;9960;9961;9962;9963;9964;9965;9966;9967;9968;9969;9970;9971;9972;9973;9974;9975;9976;9977;9978;9979;9980;9981;9982;9983;9984;9985;9986;9987;9988;9989;9990;9991;9992;9993;9994;9995;9996;9997;9998;9999;10000,Feasible,295.55000000,239.18754613,0.19070362,1908.93853907,11,4421,2001,11877,432415,11588,0.00000000,0,0,0.00000000,0.00000000,,0.00000000,0.00000000,0,0.00000000,0.00000000,false,0,0.00000000,1598,49,0.00000000,49,10200,10200,66.11174332,0.00648154,0.06693525,71.40423471,0.17495364,0.05869658,1598,8202,0,95,false,heuristic,eta-asc,0.10000000,true,true,0,0,0,0,0.00000000,0.00000000,0.00000000,0,false,0,0,0.00000000,false,0,0,0,0.00000000,false,true,path,exp,exp,100,9990,0,9990,9990,17.18309951,90.42283174,108.02370367,3802531,380.63373373,1596,-234.44931095,1597.00000000,22.93169418,0.00000000,235.47472041,235.47472041,23547.47204138,0,0,false,0,9990,100,0,0,false,0,false,0,0,0.00000000,false,0,0,0.00000000,true,88,1,2.62283436,false,false,0,0,0.00000000,false,0,0,false,false,false,fpp_branch_benders,branch_benders,false,false,false,false,1600,1600,193578,217598,0,0,0,0,0,0.00000000,0,0,0,0,0,0.00000000,0.00000000,,0,0,184.63500000,0.00000000,0.00000000,pass,cvar,0.90000000,1.00000000,295.55000000,374.51000000,192;263;306;374;389;462;587;616;671;673;686;687;688;857;858;868;875;955;1020;1022;1040;1131;1142;1216;1220;1229;1252;1306;1381;1465;1491;1543,false,false,,,,,184.63500000,295.55000000,188.13200000,374.51000000,0.02687930,0.13999343,2.64871905,RT=0.085000;ADAG=0.905000;GDG=0.000000;NFR=0.000000;EMPTY=0.010000,RT=0.090000;ADAG=0.900000;GDG=0.000000;NFR=0.000000;EMPTY=0.010000,Cell2Fire scenarios are treated as directed propagation graphs.,Callback-based FPP-SAA Branch-and-Benders-cut solver. | Lazy Benders optimality cuts are generated only at integer candidate incumbents. | FPP recourse objective is burned area from scenario LP subproblems. | Persistent FPP scenario subproblems are enabled: 200 LP models were built once and y_copy equality bounds were updated before each solve. | FPP Branch-Benders master objective is pure CVaR of scenario eta variables. | Optional FPP fractional Benders user cuts were separated at the root node only. | FPP lifted lower-bound inequalities were disabled. | Projected FPP LLBI cuts were added in the original y/eta master space without zeta or b auxiliary variables. | Callback FPP Branch-and-Benders is separate from explicit-loop FPP-Benders. | FppRecourseEvaluator validation passed for final selected firebreaks. | Used explicit train/test scenario IDs. | Branch-and-Benders tolerance: 0.000001. | FPP Branch-Benders lifted lower bounds enabled: false. | FPP Branch-Benders root user cuts enabled: true. | FPP Branch-Benders risk measure: pure CVaR. | Train reader warning: Could not open fuels.asc; attempting fallback forest-size inference. | Train reader warning: Forest size inferred from run.log instance TIF metadata. | Train reader warning: new_instances layout assumes cell IDs 1..NCells are eligible firebreak nodes. | Train reader warning: Skipped 1 non-arc rows in MessagesFile00227.csv. | Train reader warning: Skipped 1 non-arc rows in MessagesFile00401.csv. | Train reader warning: Skipped 1 non-arc rows in MessagesFile00423.csv. | Train reader warning: Skipped 1 non-arc rows in MessagesFile00425.csv. | Train reader warning: Skipped 1 non-arc rows in MessagesFile00450.csv. | Train reader warning: Skipped 1 non-arc rows in MessagesFile00509.csv. | Train reader warning: Skipped 1 non-arc rows in MessagesFile00523.csv. | Train reader warning: Skipped 1 non-arc rows in MessagesFile00536.csv. | Train reader warning: Skipped 1 non-arc rows in MessagesFile00625.csv. | Train reader warning: Skipped 1 non-arc rows in MessagesFile00626.csv. | Train reader warning: No arcs parsed from MessagesFile00627.csv. | Train reader warning: Skipped 1 non-arc rows in MessagesFile00627.csv. | Train reader warning: Skipped 1 non-arc rows in MessagesFile00648.csv. | Train reader warning: Skipped 1 non-arc rows in MessagesFile00650.csv. | Train reader warning: Skipped 1 non-arc rows in MessagesFile00685.csv. | Train reader warning: Skipped 1 non-arc rows in MessagesFile00776.csv. | Train reader warning: Skipped 1 non-arc rows in MessagesFile00817.csv. | Train reader warning: Skipped 1 non-arc rows in MessagesFile00878.csv. | Train reader warning: Skipped 1 non-arc rows in MessagesFile00922.csv. | Train reader warning: Skipped 1 non-arc rows in MessagesFile00976.csv. | Train reader warning: Skipped 1 non-arc rows in MessagesFile01033.csv. | Train reader warning: Skipped 1 non-arc rows in MessagesFile01102.csv. | Train reader warning: Skipped 1 non-arc rows in MessagesFile01186.csv. | Train reader warning: Skipped 1 non-arc rows in MessagesFile01279.csv. | Train reader warning: Skipped 1 non-arc rows in MessagesFile01325.csv. | Train reader warning: Skipped 1 non-arc rows in MessagesFile01345.csv. | Train reader warning: Skipped 1 non-arc rows in MessagesFile01351.csv. | Train reader warning: Skipped 1 non-arc rows in MessagesFile01370.csv. | Train reader warning: Skipped 1 non-arc rows in MessagesFile01376.csv. | Train reader warning: Skipped 1 non-arc rows in MessagesFile01377.csv. | Train reader warning: Skipped 1 non-arc rows in MessagesFile01432.csv. | Train reader warning: Skipped 1 non-arc rows in MessagesFile01518.csv. | Train reader warning: Skipped 1 non-arc rows in MessagesFile01550.csv. | Train reader warning: Skipped 1 non-arc rows in MessagesFile01565.csv. | Train reader warning: Skipped 1 non-arc rows in MessagesFile01651.csv. | Train reader warning: Skipped 1 non-arc rows in MessagesFile01812.csv. | Train reader warning: Skipped 1 non-arc rows in MessagesFile01820.csv. | Train reader warning: No arcs parsed from MessagesFile01832.csv. | Train reader warning: Skipped 1 non-arc rows in MessagesFile01832.csv. | Train reader warning: Skipped 1 non-arc rows in MessagesFile01851.csv. | Train reader warning: Skipped 1 non-arc rows in MessagesFile01870.csv. | Train reader warning: Skipped 1 non-arc rows in MessagesFile01951.csv. | Train reader warning: Skipped 1 non-arc rows in MessagesFile01987.csv. | Train reader warning: Skipped 1 non-arc rows in MessagesFile02003.csv. | Train reader warning: Skipped 1 non-arc rows in MessagesFile02007.csv. | Train reader warning: Skipped 1 non-arc rows in MessagesFile02024.csv. | Train reader warning: Skipped 1 non-arc rows in MessagesFile02070.csv. | Train reader warning: Skipped 1 non-arc rows in MessagesFile02091.csv. | Train reader warning: Skipped 1 non-arc rows in MessagesFile02093.csv. | Train reader warning: Skipped 1 non-arc rows in MessagesFile02124.csv. | Train reader warning: Skipped 1 non-arc rows in MessagesFile02143.csv. | Train reader warning: Skipped 1 non-arc rows in MessagesFile02153.csv. | Train reader warning: Skipped 1 non-arc rows in MessagesFile02171.csv. | Train reader warning: Skipped 1 non-arc rows in MessagesFile02238.csv. | Train reader warning: Skipped 1 non-arc rows in MessagesFile02240.csv. | Train reader warning: Skipped 1 non-arc rows in MessagesFile02282.csv. | Train reader warning: Skipped 1 non-arc rows in MessagesFile02369.csv. | Train reader warning: Skipped 1 non-arc rows in MessagesFile02508.csv. | Train reader warning: Skipped 1 non-arc rows in MessagesFile02568.csv. | Train reader warning: Skipped 1 non-arc rows in MessagesFile02640.csv. | Train reader warning: Skipped 1 non-arc rows in MessagesFile02683.csv. | Train reader warning: Skipped 1 non-arc rows in MessagesFile02689.csv. | Train reader warning: Skipped 1 non-arc rows in MessagesFile02697.csv. | Train reader warning: Skipped 1 non-arc rows in MessagesFile02739.csv. | Train reader warning: Skipped 1 non-arc rows in MessagesFile02750.csv. | Train reader warning: Skipped 1 non-arc rows in MessagesFile02752.csv. | Train reader warning: Skipped 1 non-arc rows in MessagesFile02819.csv. | Train reader warning: Skipped 1 non-arc rows in MessagesFile02846.csv. | Train reader warning: Skipped 1 non-arc rows in MessagesFile02908.csv. | Train reader warning: Skipped 1 non-arc rows in MessagesFile02934.csv. | Train reader warning: Skipped 1 non-arc rows in MessagesFile02949.csv. | Train reader warning: Skipped 1 non-arc rows in MessagesFile03012.csv. | Train reader warning: Skipped 1 non-arc rows in MessagesFile03090.csv. | Train reader warning: Skipped 1 non-arc rows in MessagesFile03163.csv. | Train reader warning: Skipped 1 non-arc rows in MessagesFile03207.csv. | Train reader warning: Skipped 1 non-arc rows in MessagesFile03291.csv. | Train reader warning: Skipped 1 non-arc rows in MessagesFile03299.csv. | Train reader warning: Skipped 1 non-arc rows in MessagesFile03338.csv. | Train reader warning: Skipped 1 non-arc rows in MessagesFile03353.csv. | Train reader warning: Skipped 1 non-arc rows in MessagesFile03387.csv. | Train reader warning: Skipped 1 non-arc rows in MessagesFile03432.csv. | Train reader warning: Skipped 1 non-arc rows in MessagesFile03444.csv. | Train reader warning: Skipped 1 non-arc rows in MessagesFile03445.csv. | Train reader warning: Skipped 1 non-arc rows in MessagesFile03463.csv. | Train reader warning: Skipped 1 non-arc rows in MessagesFile03475.csv. | Train reader warning: Skipped 1 non-arc rows in MessagesFile03523.csv. | Train reader warning: Skipped 1 non-arc rows in MessagesFile03541.csv. | Train reader warning: Skipped 1 non-arc rows in MessagesFile03595.csv. | Train reader warning: Skipped 1 non-arc rows in MessagesFile03638.csv. | Train reader warning: Skipped 1 non-arc rows in MessagesFile03695.csv. | Train reader warning: Skipped 1 non-arc rows in MessagesFile03730.csv. | Train reader warning: Skipped 1 non-arc rows in MessagesFile03759.csv. | Train reader warning: Skipped 1 non-arc rows in MessagesFile03832.csv. | Train reader warning: Skipped 1 non-arc rows in MessagesFile03846.csv. | Train reader warning: Skipped 1 non-arc rows in MessagesFile03894.csv. | Train reader warning: Skipped 1 non-arc rows in MessagesFile03989.csv. | Train reader warning: Skipped 1 non-arc rows in MessagesFile03998.csv. | Train reader warning: Skipped 1 non-arc rows in MessagesFile04003.csv. | Train reader warning: Skipped 1 non-arc rows in MessagesFile04014.csv. | Train reader warning: Skipped 1 non-arc rows in MessagesFile04070.csv. | Train reader warning: Skipped 1 non-arc rows in MessagesFile04150.csv. | Train reader warning: Skipped 1 non-arc rows in MessagesFile04481.csv. | Train reader warning: Skipped 1 non-arc rows in MessagesFile04488.csv. | Train reader warning: Skipped 1 non-arc rows in MessagesFile04496.csv. | Train reader warning: Skipped 1 non-arc rows in MessagesFile04509.csv. | Train reader warning: Skipped 1 non-arc rows in MessagesFile04515.csv. | Train reader warning: Skipped 1 non-arc rows in MessagesFile04623.csv. | Train reader warning: Skipped 1 non-arc rows in MessagesFile04675.csv. | Train reader warning: Skipped 1 non-arc rows in MessagesFile04701.csv. | Train reader warning: Skipped 1 non-arc rows in MessagesFile04770.csv. | Train reader warning: Skipped 1 non-arc rows in MessagesFile04772.csv. | Train reader warning: Skipped 1 non-arc rows in MessagesFile04796.csv. | Train reader warning: Skipped 1 non-arc rows in MessagesFile04979.csv. | Train reader warning: Skipped 1 non-arc rows in MessagesFile04980.csv. | Train reader warning: Skipped 1 non-arc rows in MessagesFile05032.csv. | Train reader warning: Skipped 1 non-arc rows in MessagesFile05127.csv. | Train reader warning: Skipped 1 non-arc rows in MessagesFile05161.csv. | Train reader warning: Skipped 1 non-arc rows in MessagesFile05202.csv. | Train reader warning: Skipped 1 non-arc rows in MessagesFile05221.csv. | Train reader warning: Skipped 1 non-arc rows in MessagesFile05247.csv. | Train reader warning: Skipped 1 non-arc rows in MessagesFile05299.csv. | Train reader warning: Skipped 1 non-arc rows in MessagesFile05305.csv. | Train reader warning: Skipped 1 non-arc rows in MessagesFile05318.csv. | Train reader warning: Skipped 1 non-arc rows in MessagesFile05351.csv. | Train reader warning: Skipped 1 non-arc rows in MessagesFile05431.csv. | Train reader warning: Skipped 1 non-arc rows in MessagesFile05487.csv. | Train reader warning: Skipped 1 non-arc rows in MessagesFile05748.csv. | Train reader warning: Skipped 1 non-arc rows in MessagesFile05812.csv. | Train reader warning: Skipped 1 non-arc rows in MessagesFile05825.csv. | Train reader warning: Skipped 1 non-arc rows in MessagesFile05881.csv. | Train reader warning: Skipped 1 non-arc rows in MessagesFile05917.csv. | Train reader warning: Skipped 1 non-arc rows in MessagesFile05965.csv. | Train reader warning: Skipped 1 non-arc rows in MessagesFile06026.csv. | Train reader warning: Skipped 1 non-arc rows in MessagesFile06142.csv. | Train reader warning: Skipped 1 non-arc rows in MessagesFile06235.csv. | Train reader warning: Skipped 1 non-arc rows in MessagesFile06239.csv. | Train reader warning: Skipped 1 non-arc rows in MessagesFile06307.csv. | Train reader warning: Skipped 1 non-arc rows in MessagesFile06446.csv. | Train reader warning: Skipped 1 non-arc rows in MessagesFile06511.csv. | Train reader warning: Skipped 1 non-arc rows in MessagesFile06580.csv. | Train reader warning: Skipped 1 non-arc rows in MessagesFile06588.csv. | Train reader warning: Skipped 1 non-arc rows in MessagesFile06662.csv. | Train reader warning: Skipped 1 non-arc rows in MessagesFile06750.csv. | Train reader warning: Skipped 1 non-arc rows in MessagesFile06758.csv. | Train reader warning: Skipped 1 non-arc rows in MessagesFile06787.csv. | Train reader warning: Skipped 1 non-arc rows in MessagesFile06798.csv. | Train reader warning: Skipped 1 non-arc rows in MessagesFile06822.csv. | Train reader warning: Skipped 1 non-arc rows in MessagesFile06931.csv. | Train reader warning: Skipped 1 non-arc rows in MessagesFile06966.csv. | Train reader warning: Skipped 1 non-arc rows in MessagesFile07090.csv. | Train reader warning: Skipped 1 non-arc rows in MessagesFile07115.csv. | Train reader warning: Skipped 1 non-arc rows in MessagesFile07163.csv. | Train reader warning: Skipped 1 non-arc rows in MessagesFile07208.csv. | Train reader warning: Skipped 1 non-arc rows in MessagesFile07264.csv. | Train reader warning: Skipped 1 non-arc rows in MessagesFile07336.csv. | Train reader warning: Skipped 1 non-arc rows in MessagesFile07383.csv. | Train reader warning: Skipped 1 non-arc rows in MessagesFile07384.csv. | Train reader warning: Skipped 1 non-arc rows in MessagesFile07392.csv. | Train reader warning: Skipped 1 non-arc rows in MessagesFile07410.csv. | Train reader warning: Skipped 1 non-arc rows in MessagesFile07421.csv. | Train reader warning: Skipped 1 non-arc rows in MessagesFile07505.csv. | Train reader warning: Skipped 1 non-arc rows in MessagesFile07518.csv. | Train reader warning: Skipped 1 non-arc rows in MessagesFile07557.csv. | Train reader warning: Skipped 1 non-arc rows in MessagesFile07580.csv. | Train reader warning: Skipped 1 non-arc rows in MessagesFile07662.csv. | Train reader warning: Skipped 1 non-arc rows in MessagesFile07694.csv. | Train reader warning: Skipped 1 non-arc rows in MessagesFile07828.csv. | Train reader warning: Skipped 1 non-arc rows in MessagesFile07843.csv. | Train reader warning: Skipped 1 non-arc rows in MessagesFile07904.csv. | Train reader warning: Skipped 1 non-arc rows in MessagesFile08009.csv. | Train reader warning: Skipped 1 non-arc rows in MessagesFile08077.csv. | Train reader warning: Skipped 1 non-arc rows in MessagesFile08079.csv. | Train reader warning: Skipped 1 non-arc rows in MessagesFile08118.csv. | Train reader warning: Skipped 1 non-arc rows in MessagesFile08181.csv. | Train reader warning: Skipped 1 non-arc rows in MessagesFile08186.csv. | Train reader warning: Skipped 1 non-arc rows in MessagesFile08244.csv. | Train reader warning: Skipped 1 non-arc rows in MessagesFile08254.csv. | Train reader warning: Skipped 1 non-arc rows in MessagesFile08291.csv. | Train reader warning: Skipped 1 non-arc rows in MessagesFile08296.csv. | Train reader warning: Skipped 1 non-arc rows in MessagesFile08309.csv. | Train reader warning: Skipped 1 non-arc rows in MessagesFile08325.csv. | Train reader warning: Skipped 1 non-arc rows in MessagesFile08331.csv. | Train reader warning: Skipped 1 non-arc rows in MessagesFile08348.csv. | Train reader warning: Skipped 1 non-arc rows in MessagesFile08350.csv. | Train reader warning: Skipped 1 non-arc rows in MessagesFile08372.csv. | Train reader warning: Skipped 1 non-arc rows in MessagesFile08402.csv. | Train reader warning: Skipped 1 non-arc rows in MessagesFile08442.csv. | Train reader warning: Skipped 1 non-arc rows in MessagesFile08466.csv. | Train reader warning: Skipped 1 non-arc rows in MessagesFile08506.csv. | Train reader warning: Skipped 1 non-arc rows in MessagesFile08518.csv. | Train reader warning: Skipped 1 non-arc rows in MessagesFile08530.csv. | Train reader warning: Skipped 1 non-arc rows in MessagesFile08550.csv. | Train reader warning: Skipped 1 non-arc rows in MessagesFile08576.csv. | Train reader warning: Skipped 1 non-arc rows in MessagesFile08599.csv. | Train reader warning: Skipped 1 non-arc rows in MessagesFile08663.csv. | Train reader warning: Skipped 1 non-arc rows in MessagesFile08675.csv. | Train reader warning: Skipped 1 non-arc rows in MessagesFile08743.csv. | Train reader warning: Skipped 1 non-arc rows in MessagesFile08774.csv. | Train reader warning: Skipped 1 non-arc rows in MessagesFile08900.csv. | Train reader warning: Skipped 1 non-arc rows in MessagesFile08909.csv. | Train reader warning: Skipped 1 non-arc rows in MessagesFile08944.csv. | Train reader warning: Skipped 1 non-arc rows in MessagesFile08998.csv. | Test reader warning: Could not open fuels.asc; attempting fallback forest-size inference. | Test reader warning: Forest size inferred from run.log instance TIF metadata. | Test reader warning: new_instances layout assumes cell IDs 1..NCells are eligible firebreak nodes. | Test reader warning: Skipped 1 non-arc rows in MessagesFile09001.csv. | Test reader warning: Skipped 1 non-arc rows in MessagesFile09002.csv. | Test reader warning: Skipped 1 non-arc rows in MessagesFile09003.csv. | Test reader warning: Skipped 1 non-arc rows in MessagesFile09004.csv. | Test reader warning: Skipped 1 non-arc rows in MessagesFile09005.csv. | Test reader warning: Skipped 1 non-arc rows in MessagesFile09006.csv. | Test reader warning: Skipped 1 non-arc rows in MessagesFile09007.csv. | Test reader warning: Skipped 1 non-arc rows in MessagesFile09008.csv. | Test reader warning: Skipped 1 non-arc rows in MessagesFile09009.csv. | Test reader warning: Skipped 1 non-arc rows in MessagesFile09010.csv. | Test reader warning: Skipped 1 non-arc rows in MessagesFile09011.csv. | Test reader warning: Skipped 1 non-arc rows in MessagesFile09012.csv. | Test reader warning: Skipped 1 non-arc rows in MessagesFile09013.csv. | Test reader warning: Skipped 1 non-arc rows in MessagesFile09014.csv. | Test reader warning: Skipped 1 non-arc rows in MessagesFile09015.csv. | Test reader warning: Skipped 1 non-arc rows in MessagesFile09016.csv. | Test reader warning: Skipped 1 non-arc rows in MessagesFile09017.csv. | Test reader warning: Skipped 1 non-arc rows in MessagesFile09018.csv. | Test reader warning: Skipped 1 non-arc rows in MessagesFile09019.csv. | Test reader warning: Skipped 1 non-arc rows in MessagesFile09020.csv. | Test reader warning: Skipped 1 non-arc rows in MessagesFile09021.csv. | Test reader warning: Skipped 1 non-arc rows in MessagesFile09022.csv. | Test reader warning: Skipped 1 non-arc rows in MessagesFile09023.csv. | Test reader warning: Skipped 1 non-arc rows in MessagesFile09024.csv. | Test reader warning: Skipped 1 non-arc rows in MessagesFile09025.csv. | Test reader warning: Skipped 1 non-arc rows in MessagesFile09026.csv. | Test reader warning: Skipped 1 non-arc rows in MessagesFile09027.csv. | Test reader warning: Skipped 1 non-arc rows in MessagesFile09028.csv. | Test reader warning: Skipped 1 non-arc rows in MessagesFile09029.csv. | Test reader warning: Skipped 1 non-arc rows in MessagesFile09030.csv. | Test reader warning: Skipped 1 non-arc rows in MessagesFile09031.csv. | Test reader warning: Skipped 1 non-arc rows in MessagesFile09032.csv. | Test reader warning: Skipped 1 non-arc rows in MessagesFile09033.csv. | Test reader warning: Skipped 1 non-arc rows in MessagesFile09034.csv. | Test reader warning: Skipped 1 non-arc rows in MessagesFile09035.csv. | Test reader warning: Skipped 1 non-arc rows in MessagesFile09036.csv. | Test reader warning: Skipped 1 non-arc rows in MessagesFile09037.csv. | Test reader warning: Skipped 1 non-arc rows in MessagesFile09038.csv. | Test reader warning: Skipped 1 non-arc rows in MessagesFile09039.csv. | Test reader warning: Skipped 1 non-arc rows in MessagesFile09040.csv. | Test reader warning: Skipped 1 non-arc rows in MessagesFile09041.csv. | Test reader warning: Skipped 1 non-arc rows in MessagesFile09042.csv. | Test reader warning: Skipped 1 non-arc rows in MessagesFile09043.csv. | Test reader warning: Skipped 1 non-arc rows in MessagesFile09044.csv. | Test reader warning: Skipped 1 non-arc rows in MessagesFile09045.csv. | Test reader warning: Skipped 1 non-arc rows in MessagesFile09046.csv. | Test reader warning: Skipped 1 non-arc rows in MessagesFile09047.csv. | Test reader warning: Skipped 1 non-arc rows in MessagesFile09048.csv. | Test reader warning: Skipped 1 non-arc rows in MessagesFile09049.csv. | Test reader warning: Skipped 1 non-arc rows in MessagesFile09050.csv. | Test reader warning: No arcs parsed from MessagesFile09051.csv. | Test reader warning: Skipped 1 non-arc rows in MessagesFile09051.csv. | Test reader warning: Skipped 1 non-arc rows in MessagesFile09052.csv. | Test reader warning: Skipped 1 non-arc rows in MessagesFile09053.csv. | Test reader warning: Skipped 1 non-arc rows in MessagesFile09054.csv. | Test reader warning: Skipped 1 non-arc rows in MessagesFile09055.csv. | Test reader warning: Skipped 1 non-arc rows in MessagesFile09056.csv. | Test reader warning: Skipped 1 non-arc rows in MessagesFile09057.csv. | Test reader warning: Skipped 1 non-arc rows in MessagesFile09058.csv. | Test reader warning: Skipped 1 non-arc rows in MessagesFile09059.csv. | Test reader warning: Skipped 1 non-arc rows in MessagesFile09060.csv. | Test reader warning: Skipped 1 non-arc rows in MessagesFile09061.csv. | Test reader warning: Skipped 1 non-arc rows in MessagesFile09062.csv. | Test reader warning: Skipped 1 non-arc rows in MessagesFile09063.csv. | Test reader warning: Skipped 1 non-arc rows in MessagesFile09064.csv. | Test reader warning: Skipped 1 non-arc rows in MessagesFile09065.csv. | Test reader warning: Skipped 1 non-arc rows in MessagesFile09066.csv. | Test reader warning: Skipped 1 non-arc rows in MessagesFile09067.csv. | Test reader warning: Skipped 1 non-arc rows in MessagesFile09068.csv. | Test reader warning: Skipped 1 non-arc rows in MessagesFile09069.csv. | Test reader warning: Skipped 1 non-arc rows in MessagesFile09070.csv. | Test reader warning: Skipped 1 non-arc rows in MessagesFile09071.csv. | Test reader warning: Skipped 1 non-arc rows in MessagesFile09072.csv. | Test reader warning: Skipped 1 non-arc rows in MessagesFile09073.csv. | Test reader warning: Skipped 1 non-arc rows in MessagesFile09074.csv. | Test reader warning: Skipped 1 non-arc rows in MessagesFile09075.csv. | Test reader warning: Skipped 1 non-arc rows in MessagesFile09076.csv. | Test reader warning: Skipped 1 non-arc rows in MessagesFile09077.csv. | Test reader warning: Skipped 1 non-arc rows in MessagesFile09078.csv. | Test reader warning: Skipped 1 non-arc rows in MessagesFile09079.csv. | Test reader warning: Skipped 1 non-arc rows in MessagesFile09080.csv. | Test reader warning: Skipped 1 non-arc rows in MessagesFile09081.csv. | Test reader warning: Skipped 1 non-arc rows in MessagesFile09082.csv. | Test reader warning: Skipped 1 non-arc rows in MessagesFile09083.csv. | Test reader warning: Skipped 1 non-arc rows in MessagesFile09084.csv. | Test reader warning: Skipped 1 non-arc rows in MessagesFile09085.csv. | Test reader warning: Skipped 1 non-arc rows in MessagesFile09086.csv. | Test reader warning: Skipped 1 non-arc rows in MessagesFile09087.csv. | Test reader warning: Skipped 1 non-arc rows in MessagesFile09088.csv. | Test reader warning: Skipped 1 non-arc rows in MessagesFile09089.csv. | Test reader warning: Skipped 1 non-arc rows in MessagesFile09090.csv. | Test reader warning: Skipped 1 non-arc rows in MessagesFile09091.csv. | Test reader warning: Skipped 1 non-arc rows in MessagesFile09092.csv. | Test reader warning: Skipped 1 non-arc rows in MessagesFile09093.csv. | Test reader warning: Skipped 1 non-arc rows in MessagesFile09094.csv. | Test reader warning: Skipped 1 non-arc rows in MessagesFile09095.csv. | Test reader warning: Skipped 1 non-arc rows in MessagesFile09096.csv. | Test reader warning: Skipped 1 non-arc rows in MessagesFile09097.csv. | Test reader warning: Skipped 1 non-arc rows in MessagesFile09098.csv. | Test reader warning: Skipped 1 non-arc rows in MessagesFile09099.csv. | Test reader warning: Skipped 1 non-arc rows in MessagesFile09100.csv. | Test reader warning: Skipped 1 non-arc rows in MessagesFile09101.csv. | Test reader warning: Skipped 1 non-arc rows in MessagesFile09102.csv. | Test reader warning: Skipped 1 non-arc rows in MessagesFile09103.csv. | Test reader warning: Skipped 1 non-arc rows in MessagesFile09104.csv. | Test reader warning: Skipped 1 non-arc rows in MessagesFile09105.csv. | Test reader warning: Skipped 1 non-arc rows in MessagesFile09106.csv. | Test reader warning: Skipped 1 non-arc rows in MessagesFile09107.csv. | Test reader warning: Skipped 1 non-arc rows in MessagesFile09108.csv. | Test reader warning: Skipped 1 non-arc rows in MessagesFile09109.csv. | Test reader warning: Skipped 1 non-arc rows in MessagesFile09110.csv. | Test reader warning: Skipped 1 non-arc rows in MessagesFile09111.csv. | Test reader warning: Skipped 1 non-arc rows in MessagesFile09112.csv. | Test reader warning: Skipped 1 non-arc rows in MessagesFile09113.csv. | Test reader warning: Skipped 1 non-arc rows in MessagesFile09114.csv. | Test reader warning: Skipped 1 non-arc rows in MessagesFile09115.csv. | Test reader warning: Skipped 1 non-arc rows in MessagesFile09116.csv. | Test reader warning: Skipped 1 non-arc rows in MessagesFile09117.csv. | Test reader warning: Skipped 1 non-arc rows in MessagesFile09118.csv. | Test reader warning: Skipped 1 non-arc rows in MessagesFile09119.csv. | Test reader warning: Skipped 1 non-arc rows in MessagesFile09120.csv. | Test reader warning: Skipped 1 non-arc rows in MessagesFile09121.csv. | Test reader warning: Skipped 1 non-arc rows in MessagesFile09122.csv. | Test reader warning: Skipped 1 non-arc rows in MessagesFile09123.csv. | Test reader warning: Skipped 1 non-arc rows in MessagesFile09124.csv. | Test reader warning: Skipped 1 non-arc rows in MessagesFile09125.csv. | Test reader warning: Skipped 1 non-arc rows in MessagesFile09126.csv. | Test reader warning: Skipped 1 non-arc rows in MessagesFile09127.csv. | Test reader warning: Skipped 1 non-arc rows in MessagesFile09128.csv. | Test reader warning: Skipped 1 non-arc rows in MessagesFile09129.csv. | Test reader warning: Skipped 1 non-arc rows in MessagesFile09130.csv. | Test reader warning: Skipped 1 non-arc rows in MessagesFile09131.csv. | Test reader warning: Skipped 1 non-arc rows in MessagesFile09132.csv. | Test reader warning: Skipped 1 non-arc rows in MessagesFile09133.csv. | Test reader warning: Skipped 1 non-arc rows in MessagesFile09134.csv. | Test reader warning: Skipped 1 non-arc rows in MessagesFile09135.csv. | Test reader warning: Skipped 1 non-arc rows in MessagesFile09136.csv. | Test reader warning: Skipped 1 non-arc rows in MessagesFile09137.csv. | Test reader warning: Skipped 1 non-arc rows in MessagesFile09138.csv. | Test reader warning: Skipped 1 non-arc rows in MessagesFile09139.csv. | Test reader warning: Skipped 1 non-arc rows in MessagesFile09140.csv. | Test reader warning: Skipped 1 non-arc rows in MessagesFile09141.csv. | Test reader warning: Skipped 1 non-arc rows in MessagesFile09142.csv. | Test reader warning: Skipped 1 non-arc rows in MessagesFile09143.csv. | Test reader warning: Skipped 1 non-arc rows in MessagesFile09144.csv. | Test reader warning: Skipped 1 non-arc rows in MessagesFile09145.csv. | Test reader warning: Skipped 1 non-arc rows in MessagesFile09146.csv. | Test reader warning: Skipped 1 non-arc rows in MessagesFile09147.csv. | Test reader warning: Skipped 1 non-arc rows in MessagesFile09148.csv. | Test reader warning: Skipped 1 non-arc rows in MessagesFile09149.csv. | Test reader warning: Skipped 1 non-arc rows in MessagesFile09150.csv. | Test reader warning: Skipped 1 non-arc rows in MessagesFile09151.csv. | Test reader warning: Skipped 1 non-arc rows in MessagesFile09152.csv. | Test reader warning: Skipped 1 non-arc rows in MessagesFile09153.csv. | Test reader warning: Skipped 1 non-arc rows in MessagesFile09154.csv. | Test reader warning: Skipped 1 non-arc rows in MessagesFile09155.csv. | Test reader warning: Skipped 1 non-arc rows in MessagesFile09156.csv. | Test reader warning: Skipped 1 non-arc rows in MessagesFile09157.csv. | Test reader warning: Skipped 1 non-arc rows in MessagesFile09158.csv. | Test reader warning: Skipped 1 non-arc rows in MessagesFile09159.csv. | Test reader warning: Skipped 1 non-arc rows in MessagesFile09160.csv. | Test reader warning: Skipped 1 non-arc rows in MessagesFile09161.csv. | Test reader warning: Skipped 1 non-arc rows in MessagesFile09162.csv. | Test reader warning: Skipped 1 non-arc rows in MessagesFile09163.csv. | Test reader warning: Skipped 1 non-arc rows in MessagesFile09164.csv. | Test reader warning: Skipped 1 non-arc rows in MessagesFile09165.csv. | Test reader warning: Skipped 1 non-arc rows in MessagesFile09166.csv. | Test reader warning: Skipped 1 non-arc rows in MessagesFile09167.csv. | Test reader warning: Skipped 1 non-arc rows in MessagesFile09168.csv. | Test reader warning: Skipped 1 non-arc rows in MessagesFile09169.csv. | Test reader warning: Skipped 1 non-arc rows in MessagesFile09170.csv. | Test reader warning: Skipped 1 non-arc rows in MessagesFile09171.csv. | Test reader warning: Skipped 1 non-arc rows in MessagesFile09172.csv. | Test reader warning: Skipped 1 non-arc rows in MessagesFile09173.csv. | Test reader warning: Skipped 1 non-arc rows in MessagesFile09174.csv. | Test reader warning: Skipped 1 non-arc rows in MessagesFile09175.csv. | Test reader warning: Skipped 1 non-arc rows in MessagesFile09176.csv. | Test reader warning: Skipped 1 non-arc rows in MessagesFile09177.csv. | Test reader warning: Skipped 1 non-arc rows in MessagesFile09178.csv. | Test reader warning: Skipped 1 non-arc rows in MessagesFile09179.csv. | Test reader warning: Skipped 1 non-arc rows in MessagesFile09180.csv. | Test reader warning: Skipped 1 non-arc rows in MessagesFile09181.csv. | Test reader warning: Skipped 1 non-arc rows in MessagesFile09182.csv. | Test reader warning: Skipped 1 non-arc rows in MessagesFile09183.csv. | Test reader warning: Skipped 1 non-arc rows in MessagesFile09184.csv. | Test reader warning: Skipped 1 non-arc rows in MessagesFile09185.csv. | Test reader warning: Skipped 1 non-arc rows in MessagesFile09186.csv. | Test reader warning: Skipped 1 non-arc rows in MessagesFile09187.csv. | Test reader warning: Skipped 1 non-arc rows in MessagesFile09188.csv. | Test reader warning: Skipped 1 non-arc rows in MessagesFile09189.csv. | Test reader warning: Skipped 1 non-arc rows in MessagesFile09190.csv. | Test reader warning: Skipped 1 non-arc rows in MessagesFile09191.csv. | Test reader warning: Skipped 1 non-arc rows in MessagesFile09192.csv. | Test reader warning: Skipped 1 non-arc rows in MessagesFile09193.csv. | Test reader warning: Skipped 1 non-arc rows in MessagesFile09194.csv. | Test reader warning: Skipped 1 non-arc rows in MessagesFile09195.csv. | Test reader warning: Skipped 1 non-arc rows in MessagesFile09196.csv. | Test reader warning: Skipped 1 non-arc rows in MessagesFile09197.csv. | Test reader warning: Skipped 1 non-arc rows in MessagesFile09198.csv. | Test reader warning: Skipped 1 non-arc rows in MessagesFile09199.csv. | Test reader warning: Skipped 1 non-arc rows in MessagesFile09200.csv. | Test reader warning: Skipped 1 non-arc rows in MessagesFile09201.csv. | Test reader warning: Skipped 1 non-arc rows in MessagesFile09202.csv. | Test reader warning: Skipped 1 non-arc rows in MessagesFile09203.csv. | Test reader warning: Skipped 1 non-arc rows in MessagesFile09204.csv. | Test reader warning: Skipped 1 non-arc rows in MessagesFile09205.csv. | Test reader warning: Skipped 1 non-arc rows in MessagesFile09206.csv. | Test reader warning: Skipped 1 non-arc rows in MessagesFile09207.csv. | Test reader warning: Skipped 1 non-arc rows in MessagesFile09208.csv. | Test reader warning: Skipped 1 non-arc rows in MessagesFile09209.csv. | Test reader warning: Skipped 1 non-arc rows in MessagesFile09210.csv. | Test reader warning: Skipped 1 non-arc rows in MessagesFile09211.csv. | Test reader warning: Skipped 1 non-arc rows in MessagesFile09212.csv. | Test reader warning: Skipped 1 non-arc rows in MessagesFile09213.csv. | Test reader warning: Skipped 1 non-arc rows in MessagesFile09214.csv. | Test reader warning: Skipped 1 non-arc rows in MessagesFile09215.csv. | Test reader warning: Skipped 1 non-arc rows in MessagesFile09216.csv. | Test reader warning: Skipped 1 non-arc rows in MessagesFile09217.csv. | Test reader warning: Skipped 1 non-arc rows in MessagesFile09218.csv. | Test reader warning: Skipped 1 non-arc rows in MessagesFile09219.csv. | Test reader warning: Skipped 1 non-arc rows in MessagesFile09220.csv. | Test reader warning: Skipped 1 non-arc rows in MessagesFile09221.csv. | Test reader warning: Skipped 1 non-arc rows in MessagesFile09222.csv. | Test reader warning: Skipped 1 non-arc rows in MessagesFile09223.csv. | Test reader warning: Skipped 1 non-arc rows in MessagesFile09224.csv. | Test reader warning: Skipped 1 non-arc rows in MessagesFile09225.csv. | Test reader warning: Skipped 1 non-arc rows in MessagesFile09226.csv. | Test reader warning: Skipped 1 non-arc rows in MessagesFile09227.csv. | Test reader warning: Skipped 1 non-arc rows in MessagesFile09228.csv. | Test reader warning: Skipped 1 non-arc rows in MessagesFile09229.csv. | Test reader warning: Skipped 1 non-arc rows in MessagesFile09230.csv. | Test reader warning: Skipped 1 non-arc rows in MessagesFile09231.csv. | Test reader warning: Skipped 1 non-arc rows in MessagesFile09232.csv. | Test reader warning: Skipped 1 non-arc rows in MessagesFile09233.csv. | Test reader warning: Skipped 1 non-arc rows in MessagesFile09234.csv. | Test reader warning: Skipped 1 non-arc rows in MessagesFile09235.csv. | Test reader warning: Skipped 1 non-arc rows in MessagesFile09236.csv. | Test reader warning: Skipped 1 non-arc rows in MessagesFile09237.csv. | Test reader warning: Skipped 1 non-arc rows in MessagesFile09238.csv. | Test reader warning: Skipped 1 non-arc rows in MessagesFile09239.csv. | Test reader warning: Skipped 1 non-arc rows in MessagesFile09240.csv. | Test reader warning: Skipped 1 non-arc rows in MessagesFile09241.csv. | Test reader warning: Skipped 1 non-arc rows in MessagesFile09242.csv. | Test reader warning: Skipped 1 non-arc rows in MessagesFile09243.csv. | Test reader warning: Skipped 1 non-arc rows in MessagesFile09244.csv. | Test reader warning: Skipped 1 non-arc rows in MessagesFile09245.csv. | Test reader warning: Skipped 1 non-arc rows in MessagesFile09246.csv. | Test reader warning: Skipped 1 non-arc rows in MessagesFile09247.csv. | Test reader warning: Skipped 1 non-arc rows in MessagesFile09248.csv. | Test reader warning: Skipped 1 non-arc rows in MessagesFile09249.csv. | Test reader warning: Skipped 1 non-arc rows in MessagesFile09250.csv. | Test reader warning: Skipped 1 non-arc rows in MessagesFile09251.csv. | Test reader warning: Skipped 1 non-arc rows in MessagesFile09252.csv. | Test reader warning: Skipped 1 non-arc rows in MessagesFile09253.csv. | Test reader warning: Skipped 1 non-arc rows in MessagesFile09254.csv. | Test reader warning: Skipped 1 non-arc rows in MessagesFile09255.csv. | Test reader warning: Skipped 1 non-arc rows in MessagesFile09256.csv. | Test reader warning: Skipped 1 non-arc rows in MessagesFile09257.csv. | Test reader warning: Skipped 1 non-arc rows in MessagesFile09258.csv. | Test reader warning: Skipped 1 non-arc rows in MessagesFile09259.csv. | Test reader warning: Skipped 1 non-arc rows in MessagesFile09260.csv. | Test reader warning: Skipped 1 non-arc rows in MessagesFile09261.csv. | Test reader warning: Skipped 1 non-arc rows in MessagesFile09262.csv. | Test reader warning: Skipped 1 non-arc rows in MessagesFile09263.csv. | Test reader warning: Skipped 1 non-arc rows in MessagesFile09264.csv. | Test reader warning: Skipped 1 non-arc rows in MessagesFile09265.csv. | Test reader warning: No arcs parsed from MessagesFile09266.csv. | Test reader warning: Skipped 1 non-arc rows in MessagesFile09266.csv. | Test reader warning: Skipped 1 non-arc rows in MessagesFile09267.csv. | Test reader warning: Skipped 1 non-arc rows in MessagesFile09268.csv. | Test reader warning: Skipped 1 non-arc rows in MessagesFile09269.csv. | Test reader warning: Skipped 1 non-arc rows in MessagesFile09270.csv. | Test reader warning: Skipped 1 non-arc rows in MessagesFile09271.csv. | Test reader warning: Skipped 1 non-arc rows in MessagesFile09272.csv. | Test reader warning: Skipped 1 non-arc rows in MessagesFile09273.csv. | Test reader warning: Skipped 1 non-arc rows in MessagesFile09274.csv. | Test reader warning: Skipped 1 non-arc rows in MessagesFile09275.csv. | Test reader warning: Skipped 1 non-arc rows in MessagesFile09276.csv. | Test reader warning: Skipped 1 non-arc rows in MessagesFile09277.csv. | Test reader warning: Skipped 1 non-arc rows in MessagesFile09278.csv. | Test reader warning: Skipped 1 non-arc rows in MessagesFile09279.csv. | Test reader warning: Skipped 1 non-arc rows in MessagesFile09280.csv. | Test reader warning: Skipped 1 non-arc rows in MessagesFile09281.csv. | Test reader warning: Skipped 1 non-arc rows in MessagesFile09282.csv. | Test reader warning: Skipped 1 non-arc rows in MessagesFile09283.csv. | Test reader warning: Skipped 1 non-arc rows in MessagesFile09284.csv. | Test reader warning: Skipped 1 non-arc rows in MessagesFile09285.csv. | Test reader warning: Skipped 1 non-arc rows in MessagesFile09286.csv. | Test reader warning: Skipped 1 non-arc rows in MessagesFile09287.csv. | Test reader warning: Skipped 1 non-arc rows in MessagesFile09288.csv. | Test reader warning: Skipped 1 non-arc rows in MessagesFile09289.csv. | Test reader warning: Skipped 1 non-arc rows in MessagesFile09290.csv. | Test reader warning: Skipped 1 non-arc rows in MessagesFile09291.csv. | Test reader warning: Skipped 1 non-arc rows in MessagesFile09292.csv. | Test reader warning: Skipped 1 non-arc rows in MessagesFile09293.csv. | Test reader warning: Skipped 1 non-arc rows in MessagesFile09294.csv. | Test reader warning: Skipped 1 non-arc rows in MessagesFile09295.csv. | Test reader warning: No arcs parsed from MessagesFile09296.csv. | Test reader warning: Skipped 1 non-arc rows in MessagesFile09296.csv. | Test reader warning: Skipped 1 non-arc rows in MessagesFile09297.csv. | Test reader warning: Skipped 1 non-arc rows in MessagesFile09298.csv. | Test reader warning: Skipped 1 non-arc rows in MessagesFile09299.csv. | Test reader warning: Skipped 1 non-arc rows in MessagesFile09300.csv. | Test reader warning: Skipped 1 non-arc rows in MessagesFile09301.csv. | Test reader warning: Skipped 1 non-arc rows in MessagesFile09302.csv. | Test reader warning: Skipped 1 non-arc rows in MessagesFile09303.csv. | Test reader warning: Skipped 1 non-arc rows in MessagesFile09304.csv. | Test reader warning: Skipped 1 non-arc rows in MessagesFile09305.csv. | Test reader warning: Skipped 1 non-arc rows in MessagesFile09306.csv. | Test reader warning: Skipped 1 non-arc rows in MessagesFile09307.csv. | Test reader warning: Skipped 1 non-arc rows in MessagesFile09308.csv. | Test reader warning: Skipped 1 non-arc rows in MessagesFile09309.csv. | Test reader warning: Skipped 1 non-arc rows in MessagesFile09310.csv. | Test reader warning: Skipped 1 non-arc rows in MessagesFile09311.csv. | Test reader warning: Skipped 1 non-arc rows in MessagesFile09312.csv. | Test reader warning: Skipped 1 non-arc rows in MessagesFile09313.csv. | Test reader warning: Skipped 1 non-arc rows in MessagesFile09314.csv. | Test reader warning: Skipped 1 non-arc rows in MessagesFile09315.csv. | Test reader warning: Skipped 1 non-arc rows in MessagesFile09316.csv. | Test reader warning: Skipped 1 non-arc rows in MessagesFile09317.csv. | Test reader warning: No arcs parsed from MessagesFile09318.csv. | Test reader warning: Skipped 1 non-arc rows in MessagesFile09318.csv. | Test reader warning: Skipped 1 non-arc rows in MessagesFile09319.csv. | Test reader warning: Skipped 1 non-arc rows in MessagesFile09320.csv. | Test reader warning: Skipped 1 non-arc rows in MessagesFile09321.csv. | Test reader warning: Skipped 1 non-arc rows in MessagesFile09322.csv. | Test reader warning: Skipped 1 non-arc rows in MessagesFile09323.csv. | Test reader warning: Skipped 1 non-arc rows in MessagesFile09324.csv. | Test reader warning: Skipped 1 non-arc rows in MessagesFile09325.csv. | Test reader warning: Skipped 1 non-arc rows in MessagesFile09326.csv. | Test reader warning: Skipped 1 non-arc rows in MessagesFile09327.csv. | Test reader warning: Skipped 1 non-arc rows in MessagesFile09328.csv. | Test reader warning: Skipped 1 non-arc rows in MessagesFile09329.csv. | Test reader warning: Skipped 1 non-arc rows in MessagesFile09330.csv. | Test reader warning: Skipped 1 non-arc rows in MessagesFile09331.csv. | Test reader warning: Skipped 1 non-arc rows in MessagesFile09332.csv. | Test reader warning: Skipped 1 non-arc rows in MessagesFile09333.csv. | Test reader warning: Skipped 1 non-arc rows in MessagesFile09334.csv. | Test reader warning: Skipped 1 non-arc rows in MessagesFile09335.csv. | Test reader warning: Skipped 1 non-arc rows in MessagesFile09336.csv. | Test reader warning: Skipped 1 non-arc rows in MessagesFile09337.csv. | Test reader warning: Skipped 1 non-arc rows in MessagesFile09338.csv. | Test reader warning: Skipped 1 non-arc rows in MessagesFile09339.csv. | Test reader warning: Skipped 1 non-arc rows in MessagesFile09340.csv. | Test reader warning: Skipped 1 non-arc rows in MessagesFile09341.csv. | Test reader warning: Skipped 1 non-arc rows in MessagesFile09342.csv. | Test reader warning: Skipped 1 non-arc rows in MessagesFile09343.csv. | Test reader warning: Skipped 1 non-arc rows in MessagesFile09344.csv. | Test reader warning: Skipped 1 non-arc rows in MessagesFile09345.csv. | Test reader warning: Skipped 1 non-arc rows in MessagesFile09346.csv. | Test reader warning: Skipped 1 non-arc rows in MessagesFile09347.csv. | Test reader warning: Skipped 1 non-arc rows in MessagesFile09348.csv. | Test reader warning: Skipped 1 non-arc rows in MessagesFile09349.csv. | Test reader warning: Skipped 1 non-arc rows in MessagesFile09350.csv. | Test reader warning: Skipped 1 non-arc rows in MessagesFile09351.csv. | Test reader warning: Skipped 1 non-arc rows in MessagesFile09352.csv. | Test reader warning: Skipped 1 non-arc rows in MessagesFile09353.csv. | Test reader warning: Skipped 1 non-arc rows in MessagesFile09354.csv. | Test reader warning: Skipped 1 non-arc rows in MessagesFile09355.csv. | Test reader warning: Skipped 1 non-arc rows in MessagesFile09356.csv. | Test reader warning: Skipped 1 non-arc rows in MessagesFile09357.csv. | Test reader warning: Skipped 1 non-arc rows in MessagesFile09358.csv. | Test reader warning: Skipped 1 non-arc rows in MessagesFile09359.csv. | Test reader warning: Skipped 1 non-arc rows in MessagesFile09360.csv. | Test reader warning: Skipped 1 non-arc rows in MessagesFile09361.csv. | Test reader warning: Skipped 1 non-arc rows in MessagesFile09362.csv. | Test reader warning: Skipped 1 non-arc rows in MessagesFile09363.csv. | Test reader warning: Skipped 1 non-arc rows in MessagesFile09364.csv. | Test reader warning: Skipped 1 non-arc rows in MessagesFile09365.csv. | Test reader warning: Skipped 1 non-arc rows in MessagesFile09366.csv. | Test reader warning: Skipped 1 non-arc rows in MessagesFile09367.csv. | Test reader warning: Skipped 1 non-arc rows in MessagesFile09368.csv. | Test reader warning: Skipped 1 non-arc rows in MessagesFile09369.csv. | Test reader warning: Skipped 1 non-arc rows in MessagesFile09370.csv. | Test reader warning: Skipped 1 non-arc rows in MessagesFile09371.csv. | Test reader warning: Skipped 1 non-arc rows in MessagesFile09372.csv. | Test reader warning: Skipped 1 non-arc rows in MessagesFile09373.csv. | Test reader warning: Skipped 1 non-arc rows in MessagesFile09374.csv. | Test reader warning: Skipped 1 non-arc rows in MessagesFile09375.csv. | Test reader warning: Skipped 1 non-arc rows in MessagesFile09376.csv. | Test reader warning: Skipped 1 non-arc rows in MessagesFile09377.csv. | Test reader warning: Skipped 1 non-arc rows in MessagesFile09378.csv. | Test reader warning: Skipped 1 non-arc rows in MessagesFile09379.csv. | Test reader warning: Skipped 1 non-arc rows in MessagesFile09380.csv. | Test reader warning: Skipped 1 non-arc rows in MessagesFile09381.csv. | Test reader warning: Skipped 1 non-arc rows in MessagesFile09382.csv. | Test reader warning: Skipped 1 non-arc rows in MessagesFile09383.csv. | Test reader warning: Skipped 1 non-arc rows in MessagesFile09384.csv. | Test reader warning: Skipped 1 non-arc rows in MessagesFile09385.csv. | Test reader warning: Skipped 1 non-arc rows in MessagesFile09386.csv. | Test reader warning: Skipped 1 non-arc rows in MessagesFile09387.csv. | Test reader warning: Skipped 1 non-arc rows in MessagesFile09388.csv. | Test reader warning: Skipped 1 non-arc rows in MessagesFile09389.csv. | Test reader warning: Skipped 1 non-arc rows in MessagesFile09390.csv. | Test reader warning: Skipped 1 non-arc rows in MessagesFile09391.csv. | Test reader warning: Skipped 1 non-arc rows in MessagesFile09392.csv. | Test reader warning: Skipped 1 non-arc rows in MessagesFile09393.csv. | Test reader warning: Skipped 1 non-arc rows in MessagesFile09394.csv. | Test reader warning: Skipped 1 non-arc rows in MessagesFile09395.csv. | Test reader warning: Skipped 1 non-arc rows in MessagesFile09396.csv. | Test reader warning: Skipped 1 non-arc rows in MessagesFile09397.csv. | Test reader warning: Skipped 1 non-arc rows in MessagesFile09398.csv. | Test reader warning: Skipped 1 non-arc rows in MessagesFile09399.csv. | Test reader warning: Skipped 1 non-arc rows in MessagesFile09400.csv. | Test reader warning: Skipped 1 non-arc rows in MessagesFile09401.csv. | Test reader warning: Skipped 1 non-arc rows in MessagesFile09402.csv. | Test reader warning: Skipped 1 non-arc rows in MessagesFile09403.csv. | Test reader warning: Skipped 1 non-arc rows in MessagesFile09404.csv. | Test reader warning: Skipped 1 non-arc rows in MessagesFile09405.csv. | Test reader warning: Skipped 1 non-arc rows in MessagesFile09406.csv. | Test reader warning: Skipped 1 non-arc rows in MessagesFile09407.csv. | Test reader warning: Skipped 1 non-arc rows in MessagesFile09408.csv. | Test reader warning: Skipped 1 non-arc rows in MessagesFile09409.csv. | Test reader warning: Skipped 1 non-arc rows in MessagesFile09410.csv. | Test reader warning: Skipped 1 non-arc rows in MessagesFile09411.csv. | Test reader warning: Skipped 1 non-arc rows in MessagesFile09412.csv. | Test reader warning: Skipped 1 non-arc rows in MessagesFile09413.csv. | Test reader warning: Skipped 1 non-arc rows in MessagesFile09414.csv. | Test reader warning: Skipped 1 non-arc rows in MessagesFile09415.csv. | Test reader warning: Skipped 1 non-arc rows in MessagesFile09416.csv. | Test reader warning: Skipped 1 non-arc rows in MessagesFile09417.csv. | Test reader warning: Skipped 1 non-arc rows in MessagesFile09418.csv. | Test reader warning: Skipped 1 non-arc rows in MessagesFile09419.csv. | Test reader warning: Skipped 1 non-arc rows in MessagesFile09420.csv. | Test reader warning: Skipped 1 non-arc rows in MessagesFile09421.csv. | Test reader warning: Skipped 1 non-arc rows in MessagesFile09422.csv. | Test reader warning: Skipped 1 non-arc rows in MessagesFile09423.csv. | Test reader warning: Skipped 1 non-arc rows in MessagesFile09424.csv. | Test reader warning: Skipped 1 non-arc rows in MessagesFile09425.csv. | Test reader warning: Skipped 1 non-arc rows in MessagesFile09426.csv. | Test reader warning: Skipped 1 non-arc rows in MessagesFile09427.csv. | Test reader warning: Skipped 1 non-arc rows in MessagesFile09428.csv. | Test reader warning: Skipped 1 non-arc rows in MessagesFile09429.csv. | Test reader warning: Skipped 1 non-arc rows in MessagesFile09430.csv. | Test reader warning: Skipped 1 non-arc rows in MessagesFile09431.csv. | Test reader warning: Skipped 1 non-arc rows in MessagesFile09432.csv. | Test reader warning: Skipped 1 non-arc rows in MessagesFile09433.csv. | Test reader warning: Skipped 1 non-arc rows in MessagesFile09434.csv. | Test reader warning: Skipped 1 non-arc rows in MessagesFile09435.csv. | Test reader warning: Skipped 1 non-arc rows in MessagesFile09436.csv. | Test reader warning: Skipped 1 non-arc rows in MessagesFile09437.csv. | Test reader warning: Skipped 1 non-arc rows in MessagesFile09438.csv. | Test reader warning: Skipped 1 non-arc rows in MessagesFile09439.csv. | Test reader warning: Skipped 1 non-arc rows in MessagesFile09440.csv. | Test reader warning: Skipped 1 non-arc rows in MessagesFile09441.csv. | Test reader warning: Skipped 1 non-arc rows in MessagesFile09442.csv. | Test reader warning: Skipped 1 non-arc rows in MessagesFile09443.csv. | Test reader warning: Skipped 1 non-arc rows in MessagesFile09444.csv. | Test reader warning: Skipped 1 non-arc rows in MessagesFile09445.csv. | Test reader warning: Skipped 1 non-arc rows in MessagesFile09446.csv. | Test reader warning: Skipped 1 non-arc rows in MessagesFile09447.csv. | Test reader warning: Skipped 1 non-arc rows in MessagesFile09448.csv. | Test reader warning: Skipped 1 non-arc rows in MessagesFile09449.csv. | Test reader warning: Skipped 1 non-arc rows in MessagesFile09450.csv. | Test reader warning: Skipped 1 non-arc rows in MessagesFile09451.csv. | Test reader warning: Skipped 1 non-arc rows in MessagesFile09452.csv. | Test reader warning: Skipped 1 non-arc rows in MessagesFile09453.csv. | Test reader warning: Skipped 1 non-arc rows in MessagesFile09454.csv. | Test reader warning: Skipped 1 non-arc rows in MessagesFile09455.csv. | Test reader warning: Skipped 1 non-arc rows in MessagesFile09456.csv. | Test reader warning: Skipped 1 non-arc rows in MessagesFile09457.csv. | Test reader warning: Skipped 1 non-arc rows in MessagesFile09458.csv. | Test reader warning: Skipped 1 non-arc rows in MessagesFile09459.csv. | Test reader warning: Skipped 1 non-arc rows in MessagesFile09460.csv. | Test reader warning: Skipped 1 non-arc rows in MessagesFile09461.csv. | Test reader warning: Skipped 1 non-arc rows in MessagesFile09462.csv. | Test reader warning: Skipped 1 non-arc rows in MessagesFile09463.csv. | Test reader warning: Skipped 1 non-arc rows in MessagesFile09464.csv. | Test reader warning: Skipped 1 non-arc rows in MessagesFile09465.csv. | Test reader warning: Skipped 1 non-arc rows in MessagesFile09466.csv. | Test reader warning: Skipped 1 non-arc rows in MessagesFile09467.csv. | Test reader warning: Skipped 1 non-arc rows in MessagesFile09468.csv. | Test reader warning: Skipped 1 non-arc rows in MessagesFile09469.csv. | Test reader warning: Skipped 1 non-arc rows in MessagesFile09470.csv. | Test reader warning: Skipped 1 non-arc rows in MessagesFile09471.csv. | Test reader warning: Skipped 1 non-arc rows in MessagesFile09472.csv. | Test reader warning: Skipped 1 non-arc rows in MessagesFile09473.csv. | Test reader warning: Skipped 1 non-arc rows in MessagesFile09474.csv. | Test reader warning: Skipped 1 non-arc rows in MessagesFile09475.csv. | Test reader warning: Skipped 1 non-arc rows in MessagesFile09476.csv. | Test reader warning: Skipped 1 non-arc rows in MessagesFile09477.csv. | Test reader warning: Skipped 1 non-arc rows in MessagesFile09478.csv. | Test reader warning: Skipped 1 non-arc rows in MessagesFile09479.csv. | Test reader warning: Skipped 1 non-arc rows in MessagesFile09480.csv. | Test reader warning: Skipped 1 non-arc rows in MessagesFile09481.csv. | Test reader warning: Skipped 1 non-arc rows in MessagesFile09482.csv. | Test reader warning: Skipped 1 non-arc rows in MessagesFile09483.csv. | Test reader warning: Skipped 1 non-arc rows in MessagesFile09484.csv. | Test reader warning: Skipped 1 non-arc rows in MessagesFile09485.csv. | Test reader warning: Skipped 1 non-arc rows in MessagesFile09486.csv. | Test reader warning: Skipped 1 non-arc rows in MessagesFile09487.csv. | Test reader warning: Skipped 1 non-arc rows in MessagesFile09488.csv. | Test reader warning: Skipped 1 non-arc rows in MessagesFile09489.csv. | Test reader warning: Skipped 1 non-arc rows in MessagesFile09490.csv. | Test reader warning: Skipped 1 non-arc rows in MessagesFile09491.csv. | Test reader warning: Skipped 1 non-arc rows in MessagesFile09492.csv. | Test reader warning: Skipped 1 non-arc rows in MessagesFile09493.csv. | Test reader warning: Skipped 1 non-arc rows in MessagesFile09494.csv. | Test reader warning: Skipped 1 non-arc rows in MessagesFile09495.csv. | Test reader warning: Skipped 1 non-arc rows in MessagesFile09496.csv. | Test reader warning: Skipped 1 non-arc rows in MessagesFile09497.csv. | Test reader warning: Skipped 1 non-arc rows in MessagesFile09498.csv. | Test reader warning: Skipped 1 non-arc rows in MessagesFile09499.csv. | Test reader warning: Skipped 1 non-arc rows in MessagesFile09500.csv. | Test reader warning: Skipped 1 non-arc rows in MessagesFile09501.csv. | Test reader warning: Skipped 1 non-arc rows in MessagesFile09502.csv. | Test reader warning: Skipped 1 non-arc rows in MessagesFile09503.csv. | Test reader warning: Skipped 1 non-arc rows in MessagesFile09504.csv. | Test reader warning: Skipped 1 non-arc rows in MessagesFile09505.csv. | Test reader warning: Skipped 1 non-arc rows in MessagesFile09506.csv. | Test reader warning: Skipped 1 non-arc rows in MessagesFile09507.csv. | Test reader warning: Skipped 1 non-arc rows in MessagesFile09508.csv. | Test reader warning: Skipped 1 non-arc rows in MessagesFile09509.csv. | Test reader warning: Skipped 1 non-arc rows in MessagesFile09510.csv. | Test reader warning: Skipped 1 non-arc rows in MessagesFile09511.csv. | Test reader warning: Skipped 1 non-arc rows in MessagesFile09512.csv. | Test reader warning: Skipped 1 non-arc rows in MessagesFile09513.csv. | Test reader warning: Skipped 1 non-arc rows in MessagesFile09514.csv. | Test reader warning: Skipped 1 non-arc rows in MessagesFile09515.csv. | Test reader warning: Skipped 1 non-arc rows in MessagesFile09516.csv. | Test reader warning: Skipped 1 non-arc rows in MessagesFile09517.csv. | Test reader warning: No arcs parsed from MessagesFile09518.csv. | Test reader warning: Skipped 1 non-arc rows in MessagesFile09518.csv. | Test reader warning: Skipped 1 non-arc rows in MessagesFile09519.csv. | Test reader warning: Skipped 1 non-arc rows in MessagesFile09520.csv. | Test reader warning: Skipped 1 non-arc rows in MessagesFile09521.csv. | Test reader warning: Skipped 1 non-arc rows in MessagesFile09522.csv. | Test reader warning: Skipped 1 non-arc rows in MessagesFile09523.csv. | Test reader warning: Skipped 1 non-arc rows in MessagesFile09524.csv. | Test reader warning: Skipped 1 non-arc rows in MessagesFile09525.csv. | Test reader warning: Skipped 1 non-arc rows in MessagesFile09526.csv. | Test reader warning: Skipped 1 non-arc rows in MessagesFile09527.csv. | Test reader warning: Skipped 1 non-arc rows in MessagesFile09528.csv. | Test reader warning: Skipped 1 non-arc rows in MessagesFile09529.csv. | Test reader warning: Skipped 1 non-arc rows in MessagesFile09530.csv. | Test reader warning: Skipped 1 non-arc rows in MessagesFile09531.csv. | Test reader warning: Skipped 1 non-arc rows in MessagesFile09532.csv. | Test reader warning: Skipped 1 non-arc rows in MessagesFile09533.csv. | Test reader warning: Skipped 1 non-arc rows in MessagesFile09534.csv. | Test reader warning: Skipped 1 non-arc rows in MessagesFile09535.csv. | Test reader warning: Skipped 1 non-arc rows in MessagesFile09536.csv. | Test reader warning: Skipped 1 non-arc rows in MessagesFile09537.csv. | Test reader warning: Skipped 1 non-arc rows in MessagesFile09538.csv. | Test reader warning: Skipped 1 non-arc rows in MessagesFile09539.csv. | Test reader warning: Skipped 1 non-arc rows in MessagesFile09540.csv. | Test reader warning: Skipped 1 non-arc rows in MessagesFile09541.csv. | Test reader warning: Skipped 1 non-arc rows in MessagesFile09542.csv. | Test reader warning: Skipped 1 non-arc rows in MessagesFile09543.csv. | Test reader warning: Skipped 1 non-arc rows in MessagesFile09544.csv. | Test reader warning: No arcs parsed from MessagesFile09545.csv. | Test reader warning: Skipped 1 non-arc rows in MessagesFile09545.csv. | Test reader warning: Skipped 1 non-arc rows in MessagesFile09546.csv. | Test reader warning: Skipped 1 non-arc rows in MessagesFile09547.csv. | Test reader warning: Skipped 1 non-arc rows in MessagesFile09548.csv. | Test reader warning: Skipped 1 non-arc rows in MessagesFile09549.csv. | Test reader warning: Skipped 1 non-arc rows in MessagesFile09550.csv. | Test reader warning: Skipped 1 non-arc rows in MessagesFile09551.csv. | Test reader warning: Skipped 1 non-arc rows in MessagesFile09552.csv. | Test reader warning: Skipped 1 non-arc rows in MessagesFile09553.csv. | Test reader warning: Skipped 1 non-arc rows in MessagesFile09554.csv. | Test reader warning: Skipped 1 non-arc rows in MessagesFile09555.csv. | Test reader warning: Skipped 1 non-arc rows in MessagesFile09556.csv. | Test reader warning: Skipped 1 non-arc rows in MessagesFile09557.csv. | Test reader warning: Skipped 1 non-arc rows in MessagesFile09558.csv. | Test reader warning: Skipped 1 non-arc rows in MessagesFile09559.csv. | Test reader warning: Skipped 1 non-arc rows in MessagesFile09560.csv. | Test reader warning: Skipped 1 non-arc rows in MessagesFile09561.csv. | Test reader warning: Skipped 1 non-arc rows in MessagesFile09562.csv. | Test reader warning: Skipped 1 non-arc rows in MessagesFile09563.csv. | Test reader warning: Skipped 1 non-arc rows in MessagesFile09564.csv. | Test reader warning: Skipped 1 non-arc rows in MessagesFile09565.csv. | Test reader warning: Skipped 1 non-arc rows in MessagesFile09566.csv. | Test reader warning: Skipped 1 non-arc rows in MessagesFile09567.csv. | Test reader warning: Skipped 1 non-arc rows in MessagesFile09568.csv. | Test reader warning: Skipped 1 non-arc rows in MessagesFile09569.csv. | Test reader warning: Skipped 1 non-arc rows in MessagesFile09570.csv. | Test reader warning: Skipped 1 non-arc rows in MessagesFile09571.csv. | Test reader warning: Skipped 1 non-arc rows in MessagesFile09572.csv. | Test reader warning: No arcs parsed from MessagesFile09573.csv. | Test reader warning: Skipped 1 non-arc rows in MessagesFile09573.csv. | Test reader warning: Skipped 1 non-arc rows in MessagesFile09574.csv. | Test reader warning: Skipped 1 non-arc rows in MessagesFile09575.csv. | Test reader warning: Skipped 1 non-arc rows in MessagesFile09576.csv. | Test reader warning: Skipped 1 non-arc rows in MessagesFile09577.csv. | Test reader warning: Skipped 1 non-arc rows in MessagesFile09578.csv. | Test reader warning: Skipped 1 non-arc rows in MessagesFile09579.csv. | Test reader warning: Skipped 1 non-arc rows in MessagesFile09580.csv. | Test reader warning: Skipped 1 non-arc rows in MessagesFile09581.csv. | Test reader warning: Skipped 1 non-arc rows in MessagesFile09582.csv. | Test reader warning: Skipped 1 non-arc rows in MessagesFile09583.csv. | Test reader warning: Skipped 1 non-arc rows in MessagesFile09584.csv. | Test reader warning: Skipped 1 non-arc rows in MessagesFile09585.csv. | Test reader warning: Skipped 1 non-arc rows in MessagesFile09586.csv. | Test reader warning: Skipped 1 non-arc rows in MessagesFile09587.csv. | Test reader warning: Skipped 1 non-arc rows in MessagesFile09588.csv. | Test reader warning: Skipped 1 non-arc rows in MessagesFile09589.csv. | Test reader warning: Skipped 1 non-arc rows in MessagesFile09590.csv. | Test reader warning: Skipped 1 non-arc rows in MessagesFile09591.csv. | Test reader warning: Skipped 1 non-arc rows in MessagesFile09592.csv. | Test reader warning: Skipped 1 non-arc rows in MessagesFile09593.csv. | Test reader warning: Skipped 1 non-arc rows in MessagesFile09594.csv. | Test reader warning: Skipped 1 non-arc rows in MessagesFile09595.csv. | Test reader warning: Skipped 1 non-arc rows in MessagesFile09596.csv. | Test reader warning: Skipped 1 non-arc rows in MessagesFile09597.csv. | Test reader warning: Skipped 1 non-arc rows in MessagesFile09598.csv. | Test reader warning: Skipped 1 non-arc rows in MessagesFile09599.csv. | Test reader warning: Skipped 1 non-arc rows in MessagesFile09600.csv. | Test reader warning: Skipped 1 non-arc rows in MessagesFile09601.csv. | Test reader warning: Skipped 1 non-arc rows in MessagesFile09602.csv. | Test reader warning: Skipped 1 non-arc rows in MessagesFile09603.csv. | Test reader warning: Skipped 1 non-arc rows in MessagesFile09604.csv. | Test reader warning: Skipped 1 non-arc rows in MessagesFile09605.csv. | Test reader warning: Skipped 1 non-arc rows in MessagesFile09606.csv. | Test reader warning: Skipped 1 non-arc rows in MessagesFile09607.csv. | Test reader warning: Skipped 1 non-arc rows in MessagesFile09608.csv. | Test reader warning: Skipped 1 non-arc rows in MessagesFile09609.csv. | Test reader warning: Skipped 1 non-arc rows in MessagesFile09610.csv. | Test reader warning: Skipped 1 non-arc rows in MessagesFile09611.csv. | Test reader warning: Skipped 1 non-arc rows in MessagesFile09612.csv. | Test reader warning: Skipped 1 non-arc rows in MessagesFile09613.csv. | Test reader warning: Skipped 1 non-arc rows in MessagesFile09614.csv. | Test reader warning: Skipped 1 non-arc rows in MessagesFile09615.csv. | Test reader warning: Skipped 1 non-arc rows in MessagesFile09616.csv. | Test reader warning: Skipped 1 non-arc rows in MessagesFile09617.csv. | Test reader warning: Skipped 1 non-arc rows in MessagesFile09618.csv. | Test reader warning: Skipped 1 non-arc rows in MessagesFile09619.csv. | Test reader warning: Skipped 1 non-arc rows in MessagesFile09620.csv. | Test reader warning: Skipped 1 non-arc rows in MessagesFile09621.csv. | Test reader warning: Skipped 1 non-arc rows in MessagesFile09622.csv. | Test reader warning: Skipped 1 non-arc rows in MessagesFile09623.csv. | Test reader warning: Skipped 1 non-arc rows in MessagesFile09624.csv. | Test reader warning: Skipped 1 non-arc rows in MessagesFile09625.csv. | Test reader warning: Skipped 1 non-arc rows in MessagesFile09626.csv. | Test reader warning: Skipped 1 non-arc rows in MessagesFile09627.csv. | Test reader warning: Skipped 1 non-arc rows in MessagesFile09628.csv. | Test reader warning: Skipped 1 non-arc rows in MessagesFile09629.csv. | Test reader warning: Skipped 1 non-arc rows in MessagesFile09630.csv. | Test reader warning: Skipped 1 non-arc rows in MessagesFile09631.csv. | Test reader warning: Skipped 1 non-arc rows in MessagesFile09632.csv. | Test reader warning: Skipped 1 non-arc rows in MessagesFile09633.csv. | Test reader warning: Skipped 1 non-arc rows in MessagesFile09634.csv. | Test reader warning: Skipped 1 non-arc rows in MessagesFile09635.csv. | Test reader warning: Skipped 1 non-arc rows in MessagesFile09636.csv. | Test reader warning: No arcs parsed from MessagesFile09637.csv. | Test reader warning: Skipped 1 non-arc rows in MessagesFile09637.csv. | Test reader warning: Skipped 1 non-arc rows in MessagesFile09638.csv. | Test reader warning: Skipped 1 non-arc rows in MessagesFile09639.csv. | Test reader warning: Skipped 1 non-arc rows in MessagesFile09640.csv. | Test reader warning: Skipped 1 non-arc rows in MessagesFile09641.csv. | Test reader warning: Skipped 1 non-arc rows in MessagesFile09642.csv. | Test reader warning: Skipped 1 non-arc rows in MessagesFile09643.csv. | Test reader warning: Skipped 1 non-arc rows in MessagesFile09644.csv. | Test reader warning: Skipped 1 non-arc rows in MessagesFile09645.csv. | Test reader warning: Skipped 1 non-arc rows in MessagesFile09646.csv. | Test reader warning: Skipped 1 non-arc rows in MessagesFile09647.csv. | Test reader warning: Skipped 1 non-arc rows in MessagesFile09648.csv. | Test reader warning: Skipped 1 non-arc rows in MessagesFile09649.csv. | Test reader warning: Skipped 1 non-arc rows in MessagesFile09650.csv. | Test reader warning: Skipped 1 non-arc rows in MessagesFile09651.csv. | Test reader warning: Skipped 1 non-arc rows in MessagesFile09652.csv. | Test reader warning: Skipped 1 non-arc rows in MessagesFile09653.csv. | Test reader warning: Skipped 1 non-arc rows in MessagesFile09654.csv. | Test reader warning: Skipped 1 non-arc rows in MessagesFile09655.csv. | Test reader warning: Skipped 1 non-arc rows in MessagesFile09656.csv. | Test reader warning: Skipped 1 non-arc rows in MessagesFile09657.csv. | Test reader warning: Skipped 1 non-arc rows in MessagesFile09658.csv. | Test reader warning: Skipped 1 non-arc rows in MessagesFile09659.csv. | Test reader warning: Skipped 1 non-arc rows in MessagesFile09660.csv. | Test reader warning: Skipped 1 non-arc rows in MessagesFile09661.csv. | Test reader warning: Skipped 1 non-arc rows in MessagesFile09662.csv. | Test reader warning: Skipped 1 non-arc rows in MessagesFile09663.csv. | Test reader warning: Skipped 1 non-arc rows in MessagesFile09664.csv. | Test reader warning: Skipped 1 non-arc rows in MessagesFile09665.csv. | Test reader warning: Skipped 1 non-arc rows in MessagesFile09666.csv. | Test reader warning: Skipped 1 non-arc rows in MessagesFile09667.csv. | Test reader warning: Skipped 1 non-arc rows in MessagesFile09668.csv. | Test reader warning: Skipped 1 non-arc rows in MessagesFile09669.csv. | Test reader warning: Skipped 1 non-arc rows in MessagesFile09670.csv. | Test reader warning: Skipped 1 non-arc rows in MessagesFile09671.csv. | Test reader warning: Skipped 1 non-arc rows in MessagesFile09672.csv. | Test reader warning: Skipped 1 non-arc rows in MessagesFile09673.csv. | Test reader warning: Skipped 1 non-arc rows in MessagesFile09674.csv. | Test reader warning: Skipped 1 non-arc rows in MessagesFile09675.csv. | Test reader warning: Skipped 1 non-arc rows in MessagesFile09676.csv. | Test reader warning: Skipped 1 non-arc rows in MessagesFile09677.csv. | Test reader warning: Skipped 1 non-arc rows in MessagesFile09678.csv. | Test reader warning: Skipped 1 non-arc rows in MessagesFile09679.csv. | Test reader warning: Skipped 1 non-arc rows in MessagesFile09680.csv. | Test reader warning: Skipped 1 non-arc rows in MessagesFile09681.csv. | Test reader warning: Skipped 1 non-arc rows in MessagesFile09682.csv. | Test reader warning: Skipped 1 non-arc rows in MessagesFile09683.csv. | Test reader warning: Skipped 1 non-arc rows in MessagesFile09684.csv. | Test reader warning: Skipped 1 non-arc rows in MessagesFile09685.csv. | Test reader warning: Skipped 1 non-arc rows in MessagesFile09686.csv. | Test reader warning: Skipped 1 non-arc rows in MessagesFile09687.csv. | Test reader warning: Skipped 1 non-arc rows in MessagesFile09688.csv. | Test reader warning: Skipped 1 non-arc rows in MessagesFile09689.csv. | Test reader warning: Skipped 1 non-arc rows in MessagesFile09690.csv. | Test reader warning: Skipped 1 non-arc rows in MessagesFile09691.csv. | Test reader warning: Skipped 1 non-arc rows in MessagesFile09692.csv. | Test reader warning: Skipped 1 non-arc rows in MessagesFile09693.csv. | Test reader warning: Skipped 1 non-arc rows in MessagesFile09694.csv. | Test reader warning: Skipped 1 non-arc rows in MessagesFile09695.csv. | Test reader warning: Skipped 1 non-arc rows in MessagesFile09696.csv. | Test reader warning: Skipped 1 non-arc rows in MessagesFile09697.csv. | Test reader warning: Skipped 1 non-arc rows in MessagesFile09698.csv. | Test reader warning: Skipped 1 non-arc rows in MessagesFile09699.csv. | Test reader warning: Skipped 1 non-arc rows in MessagesFile09700.csv. | Test reader warning: Skipped 1 non-arc rows in MessagesFile09701.csv. | Test reader warning: Skipped 1 non-arc rows in MessagesFile09702.csv. | Test reader warning: Skipped 1 non-arc rows in MessagesFile09703.csv. | Test reader warning: Skipped 1 non-arc rows in MessagesFile09704.csv. | Test reader warning: Skipped 1 non-arc rows in MessagesFile09705.csv. | Test reader warning: Skipped 1 non-arc rows in MessagesFile09706.csv. | Test reader warning: Skipped 1 non-arc rows in MessagesFile09707.csv. | Test reader warning: Skipped 1 non-arc rows in MessagesFile09708.csv. | Test reader warning: Skipped 1 non-arc rows in MessagesFile09709.csv. | Test reader warning: Skipped 1 non-arc rows in MessagesFile09710.csv. | Test reader warning: Skipped 1 non-arc rows in MessagesFile09711.csv. | Test reader warning: Skipped 1 non-arc rows in MessagesFile09712.csv. | Test reader warning: Skipped 1 non-arc rows in MessagesFile09713.csv. | Test reader warning: Skipped 1 non-arc rows in MessagesFile09714.csv. | Test reader warning: Skipped 1 non-arc rows in MessagesFile09715.csv. | Test reader warning: Skipped 1 non-arc rows in MessagesFile09716.csv. | Test reader warning: Skipped 1 non-arc rows in MessagesFile09717.csv. | Test reader warning: Skipped 1 non-arc rows in MessagesFile09718.csv. | Test reader warning: Skipped 1 non-arc rows in MessagesFile09719.csv. | Test reader warning: Skipped 1 non-arc rows in MessagesFile09720.csv. | Test reader warning: Skipped 1 non-arc rows in MessagesFile09721.csv. | Test reader warning: Skipped 1 non-arc rows in MessagesFile09722.csv. | Test reader warning: Skipped 1 non-arc rows in MessagesFile09723.csv. | Test reader warning: Skipped 1 non-arc rows in MessagesFile09724.csv. | Test reader warning: Skipped 1 non-arc rows in MessagesFile09725.csv. | Test reader warning: Skipped 1 non-arc rows in MessagesFile09726.csv. | Test reader warning: Skipped 1 non-arc rows in MessagesFile09727.csv. | Test reader warning: Skipped 1 non-arc rows in MessagesFile09728.csv. | Test reader warning: Skipped 1 non-arc rows in MessagesFile09729.csv. | Test reader warning: Skipped 1 non-arc rows in MessagesFile09730.csv. | Test reader warning: Skipped 1 non-arc rows in MessagesFile09731.csv. | Test reader warning: Skipped 1 non-arc rows in MessagesFile09732.csv. | Test reader warning: Skipped 1 non-arc rows in MessagesFile09733.csv. | Test reader warning: Skipped 1 non-arc rows in MessagesFile09734.csv. | Test reader warning: Skipped 1 non-arc rows in MessagesFile09735.csv. | Test reader warning: Skipped 1 non-arc rows in MessagesFile09736.csv. | Test reader warning: Skipped 1 non-arc rows in MessagesFile09737.csv. | Test reader warning: Skipped 1 non-arc rows in MessagesFile09738.csv. | Test reader warning: Skipped 1 non-arc rows in MessagesFile09739.csv. | Test reader warning: Skipped 1 non-arc rows in MessagesFile09740.csv. | Test reader warning: Skipped 1 non-arc rows in MessagesFile09741.csv. | Test reader warning: Skipped 1 non-arc rows in MessagesFile09742.csv. | Test reader warning: Skipped 1 non-arc rows in MessagesFile09743.csv. | Test reader warning: Skipped 1 non-arc rows in MessagesFile09744.csv. | Test reader warning: Skipped 1 non-arc rows in MessagesFile09745.csv. | Test reader warning: Skipped 1 non-arc rows in MessagesFile09746.csv. | Test reader warning: Skipped 1 non-arc rows in MessagesFile09747.csv. | Test reader warning: Skipped 1 non-arc rows in MessagesFile09748.csv. | Test reader warning: Skipped 1 non-arc rows in MessagesFile09749.csv. | Test reader warning: Skipped 1 non-arc rows in MessagesFile09750.csv. | Test reader warning: Skipped 1 non-arc rows in MessagesFile09751.csv. | Test reader warning: Skipped 1 non-arc rows in MessagesFile09752.csv. | Test reader warning: Skipped 1 non-arc rows in MessagesFile09753.csv. | Test reader warning: Skipped 1 non-arc rows in MessagesFile09754.csv. | Test reader warning: Skipped 1 non-arc rows in MessagesFile09755.csv. | Test reader warning: Skipped 1 non-arc rows in MessagesFile09756.csv. | Test reader warning: Skipped 1 non-arc rows in MessagesFile09757.csv. | Test reader warning: Skipped 1 non-arc rows in MessagesFile09758.csv. | Test reader warning: Skipped 1 non-arc rows in MessagesFile09759.csv. | Test reader warning: Skipped 1 non-arc rows in MessagesFile09760.csv. | Test reader warning: Skipped 1 non-arc rows in MessagesFile09761.csv. | Test reader warning: Skipped 1 non-arc rows in MessagesFile09762.csv. | Test reader warning: Skipped 1 non-arc rows in MessagesFile09763.csv. | Test reader warning: Skipped 1 non-arc rows in MessagesFile09764.csv. | Test reader warning: Skipped 1 non-arc rows in MessagesFile09765.csv. | Test reader warning: Skipped 1 non-arc rows in MessagesFile09766.csv. | Test reader warning: Skipped 1 non-arc rows in MessagesFile09767.csv. | Test reader warning: Skipped 1 non-arc rows in MessagesFile09768.csv. | Test reader warning: Skipped 1 non-arc rows in MessagesFile09769.csv. | Test reader warning: Skipped 1 non-arc rows in MessagesFile09770.csv. | Test reader warning: Skipped 1 non-arc rows in MessagesFile09771.csv. | Test reader warning: Skipped 1 non-arc rows in MessagesFile09772.csv. | Test reader warning: Skipped 1 non-arc rows in MessagesFile09773.csv. | Test reader warning: Skipped 1 non-arc rows in MessagesFile09774.csv. | Test reader warning: Skipped 1 non-arc rows in MessagesFile09775.csv. | Test reader warning: Skipped 1 non-arc rows in MessagesFile09776.csv. | Test reader warning: Skipped 1 non-arc rows in MessagesFile09777.csv. | Test reader warning: Skipped 1 non-arc rows in MessagesFile09778.csv. | Test reader warning: Skipped 1 non-arc rows in MessagesFile09779.csv. | Test reader warning: Skipped 1 non-arc rows in MessagesFile09780.csv. | Test reader warning: Skipped 1 non-arc rows in MessagesFile09781.csv. | Test reader warning: Skipped 1 non-arc rows in MessagesFile09782.csv. | Test reader warning: Skipped 1 non-arc rows in MessagesFile09783.csv. | Test reader warning: Skipped 1 non-arc rows in MessagesFile09784.csv. | Test reader warning: Skipped 1 non-arc rows in MessagesFile09785.csv. | Test reader warning: Skipped 1 non-arc rows in MessagesFile09786.csv. | Test reader warning: Skipped 1 non-arc rows in MessagesFile09787.csv. | Test reader warning: Skipped 1 non-arc rows in MessagesFile09788.csv. | Test reader warning: Skipped 1 non-arc rows in MessagesFile09789.csv. | Test reader warning: Skipped 1 non-arc rows in MessagesFile09790.csv. | Test reader warning: Skipped 1 non-arc rows in MessagesFile09791.csv. | Test reader warning: Skipped 1 non-arc rows in MessagesFile09792.csv. | Test reader warning: Skipped 1 non-arc rows in MessagesFile09793.csv. | Test reader warning: Skipped 1 non-arc rows in MessagesFile09794.csv. | Test reader warning: Skipped 1 non-arc rows in MessagesFile09795.csv. | Test reader warning: Skipped 1 non-arc rows in MessagesFile09796.csv. | Test reader warning: Skipped 1 non-arc rows in MessagesFile09797.csv. | Test reader warning: Skipped 1 non-arc rows in MessagesFile09798.csv. | Test reader warning: Skipped 1 non-arc rows in MessagesFile09799.csv. | Test reader warning: Skipped 1 non-arc rows in MessagesFile09800.csv. | Test reader warning: Skipped 1 non-arc rows in MessagesFile09801.csv. | Test reader warning: Skipped 1 non-arc rows in MessagesFile09802.csv. | Test reader warning: Skipped 1 non-arc rows in MessagesFile09803.csv. | Test reader warning: Skipped 1 non-arc rows in MessagesFile09804.csv. | Test reader warning: Skipped 1 non-arc rows in MessagesFile09805.csv. | Test reader warning: Skipped 1 non-arc rows in MessagesFile09806.csv. | Test reader warning: Skipped 1 non-arc rows in MessagesFile09807.csv. | Test reader warning: Skipped 1 non-arc rows in MessagesFile09808.csv. | Test reader warning: Skipped 1 non-arc rows in MessagesFile09809.csv. | Test reader warning: Skipped 1 non-arc rows in MessagesFile09810.csv. | Test reader warning: Skipped 1 non-arc rows in MessagesFile09811.csv. | Test reader warning: Skipped 1 non-arc rows in MessagesFile09812.csv. | Test reader warning: Skipped 1 non-arc rows in MessagesFile09813.csv. | Test reader warning: Skipped 1 non-arc rows in MessagesFile09814.csv. | Test reader warning: Skipped 1 non-arc rows in MessagesFile09815.csv. | Test reader warning: Skipped 1 non-arc rows in MessagesFile09816.csv. | Test reader warning: Skipped 1 non-arc rows in MessagesFile09817.csv. | Test reader warning: Skipped 1 non-arc rows in MessagesFile09818.csv. | Test reader warning: Skipped 1 non-arc rows in MessagesFile09819.csv. | Test reader warning: Skipped 1 non-arc rows in MessagesFile09820.csv. | Test reader warning: Skipped 1 non-arc rows in MessagesFile09821.csv. | Test reader warning: Skipped 1 non-arc rows in MessagesFile09822.csv. | Test reader warning: Skipped 1 non-arc rows in MessagesFile09823.csv. | Test reader warning: Skipped 1 non-arc rows in MessagesFile09824.csv. | Test reader warning: Skipped 1 non-arc rows in MessagesFile09825.csv. | Test reader warning: Skipped 1 non-arc rows in MessagesFile09826.csv. | Test reader warning: Skipped 1 non-arc rows in MessagesFile09827.csv. | Test reader warning: Skipped 1 non-arc rows in MessagesFile09828.csv. | Test reader warning: Skipped 1 non-arc rows in MessagesFile09829.csv. | Test reader warning: Skipped 1 non-arc rows in MessagesFile09830.csv. | Test reader warning: Skipped 1 non-arc rows in MessagesFile09831.csv. | Test reader warning: Skipped 1 non-arc rows in MessagesFile09832.csv. | Test reader warning: Skipped 1 non-arc rows in MessagesFile09833.csv. | Test reader warning: Skipped 1 non-arc rows in MessagesFile09834.csv. | Test reader warning: Skipped 1 non-arc rows in MessagesFile09835.csv. | Test reader warning: Skipped 1 non-arc rows in MessagesFile09836.csv. | Test reader warning: Skipped 1 non-arc rows in MessagesFile09837.csv. | Test reader warning: Skipped 1 non-arc rows in MessagesFile09838.csv. | Test reader warning: Skipped 1 non-arc rows in MessagesFile09839.csv. | Test reader warning: Skipped 1 non-arc rows in MessagesFile09840.csv. | Test reader warning: Skipped 1 non-arc rows in MessagesFile09841.csv. | Test reader warning: Skipped 1 non-arc rows in MessagesFile09842.csv. | Test reader warning: Skipped 1 non-arc rows in MessagesFile09843.csv. | Test reader warning: Skipped 1 non-arc rows in MessagesFile09844.csv. | Test reader warning: Skipped 1 non-arc rows in MessagesFile09845.csv. | Test reader warning: Skipped 1 non-arc rows in MessagesFile09846.csv. | Test reader warning: Skipped 1 non-arc rows in MessagesFile09847.csv. | Test reader warning: Skipped 1 non-arc rows in MessagesFile09848.csv. | Test reader warning: Skipped 1 non-arc rows in MessagesFile09849.csv. | Test reader warning: Skipped 1 non-arc rows in MessagesFile09850.csv. | Test reader warning: Skipped 1 non-arc rows in MessagesFile09851.csv. | Test reader warning: Skipped 1 non-arc rows in MessagesFile09852.csv. | Test reader warning: Skipped 1 non-arc rows in MessagesFile09853.csv. | Test reader warning: Skipped 1 non-arc rows in MessagesFile09854.csv. | Test reader warning: Skipped 1 non-arc rows in MessagesFile09855.csv. | Test reader warning: Skipped 1 non-arc rows in MessagesFile09856.csv. | Test reader warning: Skipped 1 non-arc rows in MessagesFile09857.csv. | Test reader warning: Skipped 1 non-arc rows in MessagesFile09858.csv. | Test reader warning: Skipped 1 non-arc rows in MessagesFile09859.csv. | Test reader warning: Skipped 1 non-arc rows in MessagesFile09860.csv. | Test reader warning: Skipped 1 non-arc rows in MessagesFile09861.csv. | Test reader warning: Skipped 1 non-arc rows in MessagesFile09862.csv. | Test reader warning: Skipped 1 non-arc rows in MessagesFile09863.csv. | Test reader warning: Skipped 1 non-arc rows in MessagesFile09864.csv. | Test reader warning: Skipped 1 non-arc rows in MessagesFile09865.csv. | Test reader warning: Skipped 1 non-arc rows in MessagesFile09866.csv. | Test reader warning: Skipped 1 non-arc rows in MessagesFile09867.csv. | Test reader warning: Skipped 1 non-arc rows in MessagesFile09868.csv. | Test reader warning: Skipped 1 non-arc rows in MessagesFile09869.csv. | Test reader warning: Skipped 1 non-arc rows in MessagesFile09870.csv. | Test reader warning: Skipped 1 non-arc rows in MessagesFile09871.csv. | Test reader warning: Skipped 1 non-arc rows in MessagesFile09872.csv. | Test reader warning: Skipped 1 non-arc rows in MessagesFile09873.csv. | Test reader warning: Skipped 1 non-arc rows in MessagesFile09874.csv. | Test reader warning: Skipped 1 non-arc rows in MessagesFile09875.csv. | Test reader warning: Skipped 1 non-arc rows in MessagesFile09876.csv. | Test reader warning: Skipped 1 non-arc rows in MessagesFile09877.csv. | Test reader warning: Skipped 1 non-arc rows in MessagesFile09878.csv. | Test reader warning: Skipped 1 non-arc rows in MessagesFile09879.csv. | Test reader warning: Skipped 1 non-arc rows in MessagesFile09880.csv. | Test reader warning: Skipped 1 non-arc rows in MessagesFile09881.csv. | Test reader warning: Skipped 1 non-arc rows in MessagesFile09882.csv. | Test reader warning: Skipped 1 non-arc rows in MessagesFile09883.csv. | Test reader warning: Skipped 1 non-arc rows in MessagesFile09884.csv. | Test reader warning: Skipped 1 non-arc rows in MessagesFile09885.csv. | Test reader warning: Skipped 1 non-arc rows in MessagesFile09886.csv. | Test reader warning: Skipped 1 non-arc rows in MessagesFile09887.csv. | Test reader warning: Skipped 1 non-arc rows in MessagesFile09888.csv. | Test reader warning: Skipped 1 non-arc rows in MessagesFile09889.csv. | Test reader warning: Skipped 1 non-arc rows in MessagesFile09890.csv. | Test reader warning: Skipped 1 non-arc rows in MessagesFile09891.csv. | Test reader warning: Skipped 1 non-arc rows in MessagesFile09892.csv. | Test reader warning: Skipped 1 non-arc rows in MessagesFile09893.csv. | Test reader warning: Skipped 1 non-arc rows in MessagesFile09894.csv. | Test reader warning: Skipped 1 non-arc rows in MessagesFile09895.csv. | Test reader warning: Skipped 1 non-arc rows in MessagesFile09896.csv. | Test reader warning: Skipped 1 non-arc rows in MessagesFile09897.csv. | Test reader warning: Skipped 1 non-arc rows in MessagesFile09898.csv. | Test reader warning: Skipped 1 non-arc rows in MessagesFile09899.csv. | Test reader warning: Skipped 1 non-arc rows in MessagesFile09900.csv. | Test reader warning: Skipped 1 non-arc rows in MessagesFile09901.csv. | Test reader warning: Skipped 1 non-arc rows in MessagesFile09902.csv. | Test reader warning: Skipped 1 non-arc rows in MessagesFile09903.csv. | Test reader warning: Skipped 1 non-arc rows in MessagesFile09904.csv. | Test reader warning: Skipped 1 non-arc rows in MessagesFile09905.csv. | Test reader warning: Skipped 1 non-arc rows in MessagesFile09906.csv. | Test reader warning: Skipped 1 non-arc rows in MessagesFile09907.csv. | Test reader warning: Skipped 1 non-arc rows in MessagesFile09908.csv. | Test reader warning: Skipped 1 non-arc rows in MessagesFile09909.csv. | Test reader warning: Skipped 1 non-arc rows in MessagesFile09910.csv. | Test reader warning: Skipped 1 non-arc rows in MessagesFile09911.csv. | Test reader warning: Skipped 1 non-arc rows in MessagesFile09912.csv. | Test reader warning: Skipped 1 non-arc rows in MessagesFile09913.csv. | Test reader warning: Skipped 1 non-arc rows in MessagesFile09914.csv. | Test reader warning: Skipped 1 non-arc rows in MessagesFile09915.csv. | Test reader warning: Skipped 1 non-arc rows in MessagesFile09916.csv. | Test reader warning: Skipped 1 non-arc rows in MessagesFile09917.csv. | Test reader warning: No arcs parsed from MessagesFile09918.csv. | Test reader warning: Skipped 1 non-arc rows in MessagesFile09918.csv. | Test reader warning: Skipped 1 non-arc rows in MessagesFile09919.csv. | Test reader warning: Skipped 1 non-arc rows in MessagesFile09920.csv. | Test reader warning: Skipped 1 non-arc rows in MessagesFile09921.csv. | Test reader warning: Skipped 1 non-arc rows in MessagesFile09922.csv. | Test reader warning: Skipped 1 non-arc rows in MessagesFile09923.csv. | Test reader warning: Skipped 1 non-arc rows in MessagesFile09924.csv. | Test reader warning: Skipped 1 non-arc rows in MessagesFile09925.csv. | Test reader warning: Skipped 1 non-arc rows in MessagesFile09926.csv. | Test reader warning: Skipped 1 non-arc rows in MessagesFile09927.csv. | Test reader warning: Skipped 1 non-arc rows in MessagesFile09928.csv. | Test reader warning: Skipped 1 non-arc rows in MessagesFile09929.csv. | Test reader warning: Skipped 1 non-arc rows in MessagesFile09930.csv. | Test reader warning: Skipped 1 non-arc rows in MessagesFile09931.csv. | Test reader warning: Skipped 1 non-arc rows in MessagesFile09932.csv. | Test reader warning: Skipped 1 non-arc rows in MessagesFile09933.csv. | Test reader warning: Skipped 1 non-arc rows in MessagesFile09934.csv. | Test reader warning: Skipped 1 non-arc rows in MessagesFile09935.csv. | Test reader warning: Skipped 1 non-arc rows in MessagesFile09936.csv. | Test reader warning: Skipped 1 non-arc rows in MessagesFile09937.csv. | Test reader warning: Skipped 1 non-arc rows in MessagesFile09938.csv. | Test reader warning: Skipped 1 non-arc rows in MessagesFile09939.csv. | Test reader warning: Skipped 1 non-arc rows in MessagesFile09940.csv. | Test reader warning: Skipped 1 non-arc rows in MessagesFile09941.csv. | Test reader warning: Skipped 1 non-arc rows in MessagesFile09942.csv. | Test reader warning: Skipped 1 non-arc rows in MessagesFile09943.csv. | Test reader warning: Skipped 1 non-arc rows in MessagesFile09944.csv. | Test reader warning: Skipped 1 non-arc rows in MessagesFile09945.csv. | Test reader warning: Skipped 1 non-arc rows in MessagesFile09946.csv. | Test reader warning: Skipped 1 non-arc rows in MessagesFile09947.csv. | Test reader warning: Skipped 1 non-arc rows in MessagesFile09948.csv. | Test reader warning: Skipped 1 non-arc rows in MessagesFile09949.csv. | Test reader warning: Skipped 1 non-arc rows in MessagesFile09950.csv. | Test reader warning: Skipped 1 non-arc rows in MessagesFile09951.csv. | Test reader warning: Skipped 1 non-arc rows in MessagesFile09952.csv. | Test reader warning: Skipped 1 non-arc rows in MessagesFile09953.csv. | Test reader warning: Skipped 1 non-arc rows in MessagesFile09954.csv. | Test reader warning: Skipped 1 non-arc rows in MessagesFile09955.csv. | Test reader warning: Skipped 1 non-arc rows in MessagesFile09956.csv. | Test reader warning: Skipped 1 non-arc rows in MessagesFile09957.csv. | Test reader warning: Skipped 1 non-arc rows in MessagesFile09958.csv. | Test reader warning: Skipped 1 non-arc rows in MessagesFile09959.csv. | Test reader warning: Skipped 1 non-arc rows in MessagesFile09960.csv. | Test reader warning: Skipped 1 non-arc rows in MessagesFile09961.csv. | Test reader warning: No arcs parsed from MessagesFile09962.csv. | Test reader warning: Skipped 1 non-arc rows in MessagesFile09962.csv. | Test reader warning: Skipped 1 non-arc rows in MessagesFile09963.csv. | Test reader warning: Skipped 1 non-arc rows in MessagesFile09964.csv. | Test reader warning: Skipped 1 non-arc rows in MessagesFile09965.csv. | Test reader warning: Skipped 1 non-arc rows in MessagesFile09966.csv. | Test reader warning: Skipped 1 non-arc rows in MessagesFile09967.csv. | Test reader warning: Skipped 1 non-arc rows in MessagesFile09968.csv. | Test reader warning: Skipped 1 non-arc rows in MessagesFile09969.csv. | Test reader warning: Skipped 1 non-arc rows in MessagesFile09970.csv. | Test reader warning: Skipped 1 non-arc rows in MessagesFile09971.csv. | Test reader warning: Skipped 1 non-arc rows in MessagesFile09972.csv. | Test reader warning: Skipped 1 non-arc rows in MessagesFile09973.csv. | Test reader warning: Skipped 1 non-arc rows in MessagesFile09974.csv. | Test reader warning: Skipped 1 non-arc rows in MessagesFile09975.csv. | Test reader warning: Skipped 1 non-arc rows in MessagesFile09976.csv. | Test reader warning: Skipped 1 non-arc rows in MessagesFile09977.csv. | Test reader warning: Skipped 1 non-arc rows in MessagesFile09978.csv. | Test reader warning: Skipped 1 non-arc rows in MessagesFile09979.csv. | Test reader warning: Skipped 1 non-arc rows in MessagesFile09980.csv. | Test reader warning: Skipped 1 non-arc rows in MessagesFile09981.csv. | Test reader warning: Skipped 1 non-arc rows in MessagesFile09982.csv. | Test reader warning: Skipped 1 non-arc rows in MessagesFile09983.csv. | Test reader warning: Skipped 1 non-arc rows in MessagesFile09984.csv. | Test reader warning: Skipped 1 non-arc rows in MessagesFile09985.csv. | Test reader warning: Skipped 1 non-arc rows in MessagesFile09986.csv. | Test reader warning: Skipped 1 non-arc rows in MessagesFile09987.csv. | Test reader warning: Skipped 1 non-arc rows in MessagesFile09988.csv. | Test reader warning: Skipped 1 non-arc rows in MessagesFile09989.csv. | Test reader warning: Skipped 1 non-arc rows in MessagesFile09990.csv. | Test reader warning: Skipped 1 non-arc rows in MessagesFile09991.csv. | Test reader warning: Skipped 1 non-arc rows in MessagesFile09992.csv. | Test reader warning: Skipped 1 non-arc rows in MessagesFile09993.csv. | Test reader warning: Skipped 1 non-arc rows in MessagesFile09994.csv. | Test reader warning: Skipped 1 non-arc rows in MessagesFile09995.csv. | Test reader warning: Skipped 1 non-arc rows in MessagesFile09996.csv. | Test reader warning: Skipped 1 non-arc rows in MessagesFile09997.csv. | Test reader warning: Skipped 1 non-arc rows in MessagesFile09998.csv. | Test reader warning: Skipped 1 non-arc rows in MessagesFile09999.csv. | Test reader warning: Skipped 1 non-arc rows in MessagesFile10000.csv. | Test scenarios were used only for out-of-sample evaluation.
